0           0           0
0.00461329           0           0
0.00922657           0           0
0.0138399           0           0
0.0184531           0           0
0.0230664           0           0
0.0276797           0           0
0.032293           0           0
0.0369063           0           0
0.0415196           0           0
0.0461329           0           0
0.0507461           0           0
0.0553594           0           0
0.0599727           0           0
0.064586           0           0
0.0691993           0           0
0.0738126           0           0
0.0784259           0           0
0.0830391           0           0
0.0876524           0           0
0.0922657           0           0
0.096879           0           0
0.101492           0           0
0.106106           0           0
0.110719           0           0
0.115332           0           0
0.119945           0           0
0.124559           0           0
0.129172           0           0
0.133785           0           0
0.138399           0           0
0.143012           0           0
0.147625           0           0
0.152238           0           0
0.156852           0           0
0.161465           0           0
0.166078           0           0
0.170692           0           0
0.175305           0           0
0.179918           0           0
0.184531           0           0
0.189145           0           0
0.193758           0           0
0.198371           0           0
0.202985           0           0
0.207598           0           0
0.212211           0           0
0.216824           0           0
0.221438           0           0
0.226051           0           0
0.230664           0           0
0.235278           0           0
0.239891           0           0
0.244504           0           0
0.249117           0           0
0.253731           0           0
0.258344           0           0
0.262957           0           0
0.267571           0           0
0.272184           0           0
0.276797           0           0
0.28141           0           0
0.286024           0           0
0.290637           0           0
0.29525           0           0
0.299864           0           0
0.304477           0           0
0.30909           0           0
0.313703           0           0
0.318317           0           0
0.32293           0           0
0.327543           0           0
0.332157           0           0
0.33677           0           0
0.341383           0           0
0.345996           0           0
0.35061           0           0
0.355223           0           0
0.359836           0           0
0.36445           0           0
0.369063           0           0
0.373676           0           0
0.378289           0           0
0.382903           0           0
0.387516           0           0
0.392129           0           0
0.396743           0           0
0.401356           0           0
0.405969           0           0
0.410582           0           0
0.415196           0           0
0.419809           0           0
0.424422           0           0
0.429036           0           0
0.433649           0           0
0.438262           0           0
0.442875           0           0
0.447489           0           0
0.452102           0           0
0.456715           0           0
0.461329           0           0
0.465942           0           0
0.470555           0           0
0.475168           0           0
0.479782           0           0
0.484395           0           0
0.489008           0           0
0.493622           0           0
0.498235           0           0
0.502848           0           0
0.507461           0           0
0.512075           0           0
0.516688           0           0
0.521301           0           0
0.525915           0           0
0.530528           0           0
0.535141           0           0
0.539754           0           0
0.544368           0           0
0.548981           0           0
0.553594           0           0
0.558208           0           0
0.562821           0           0
0.567434           0           0
0.572047           0           0
0.576661           0           0
0.581274           0           0
0.585887           0           0
0.590501           0           0
0.595114           0           0
0.599727           0           0
0.60434           0           0
0.608954           0           0
0.613567           0           0
0.61818           0           0
0.622794           0           0
0.627407           0           0
0.63202           0           0
0.636633           0           0
0.641247           0           0
0.64586           0           0
0.650473           0           0
0.655087           0           0
0.6597           0           0
0.664313           0           0
0.668926           0           0
0.67354           0           0
0.678153           0           0
0.682766           0           0
0.68738           0           0
0.691993           0           0
0.696606           0           0
0.701219           0           0
0.705833           0           0
0.710446           0           0
0.715059           0           0
0.719673           0           0
0.724286           0           0
0.728899           0           0
0.733512           0           0
0.738126           0           0
0.742739           0           0
0.747352           0           0
0.751966           0           0
0.756579           0           0
0.761192           0           0
0.765805           0           0
0.770419           0           0
0.775032           0           0
0.779645           0           0
0.784259           0           0
0.788872           0           0
0.793485           0           0
0.798098           0           0
0.802712           0           0
0.807325           0           0
0.811938           0           0
0.816552           0           0
0.821165           0           0
0.825778           0           0
0.830391           0           0
0.835005           0           0
0.839618           0           0
0.844231           0           0
0.848845           0           0
0.853458           0           0
0.858071           0           0
0.862684           0           0
0.867298           0           0
0.871911           0           0
0.876524           0           0
0.881138           0           0
0.885751           0           0
0.890364 6.44389e-05 4.37143e-05
0.894977 0.000218656 5.98814e-05
0.899591  0.00071236 9.75153e-05
0.904204  0.00118705 0.000149494
0.908817  0.00224399 0.000201885
0.913431  0.00432895 0.000259687
0.918044  0.00775709 0.000252287
0.922657   0.0156504  0.00042512
0.92727   0.0238785 0.000566963
0.931884   0.0396051   0.0010201
0.936497   0.0616674    0.001078
0.94111   0.0961041  0.00110866
0.945724    0.139149  0.00174105
0.950337    0.199632  0.00208871
0.95495    0.275036  0.00221957
0.959563    0.369778  0.00321633
0.964177    0.489123  0.00297785
0.96879     0.62755  0.00339867
0.973403    0.795227  0.00320178
0.978017    0.991092  0.00486802
0.98263     1.20397  0.00424722
0.987243     1.44288  0.00655914
0.991856     1.69865    0.005361
0.99647     1.96743  0.00674134
1.00108     2.24595  0.00647853
1.0057     2.53725   0.0051403
1.01031     2.81943   0.0060834
1.01492     3.11242  0.00515221
1.01954      3.3925  0.00669471
1.02415     3.66992  0.00812635
1.02876      3.9205  0.00610995
1.03338     4.15331  0.00807611
1.03799     4.36367    0.005654
1.0426     4.55349  0.00687729
1.04722     4.68453  0.00829372
1.05183     4.81236  0.00774449
1.05644     4.90577  0.00780014
1.06106     4.96205  0.00924433
1.06567     4.97921   0.0088088
1.07028     4.95696    0.008264
1.0749     4.93846  0.00828707
1.07951     4.87938  0.00778574
1.08412      4.7864  0.00927616
1.08874     4.69186  0.00931522
1.09335     4.54021  0.00976802
1.09796     4.40554  0.00745928
1.10258     4.23151  0.00686513
1.10719     4.07387  0.00604706
1.1118     3.88247  0.00786952
1.11642     3.69782  0.00824446
1.12103     3.49659  0.00462949
1.12564     3.30179   0.0067207
1.13026     3.10299  0.00857085
1.13487     2.91115    0.005608
1.13948     2.70994  0.00442321
1.14409     2.52431  0.00649974
1.14871     2.33547   0.0050063
1.15332     2.15961  0.00477279
1.15793     1.98648  0.00361664
1.16255     1.82729  0.00479116
1.16716     1.66805  0.00429348
1.17177     1.52372  0.00459395
1.17639     1.38221  0.00275442
1.181     1.24602  0.00379032
1.18561     1.13086  0.00293843
1.19023     1.02251  0.00348866
1.19484    0.919023  0.00293955
1.19945    0.820594  0.00279423
1.20407    0.729322  0.00325764
1.20868    0.655143  0.00313257
1.21329    0.580838  0.00195243
1.21791    0.515433  0.00301974
1.22252    0.454425  0.00218033
1.22713     0.40235  0.00288229
1.23175    0.350532  0.00169326
1.23636    0.305874  0.00167988
1.24097     0.27141  0.00138206
1.24559    0.240829  0.00183686
1.2502    0.205448  0.00182865
1.25481    0.177957  0.00190574
1.25943    0.156274  0.00116153
1.26404    0.135178  0.00142889
1.26865    0.115828  0.00159349
1.27327    0.102458  0.00133807
1.27788    0.087293  0.00113758
1.28249   0.0779117  0.00119827
1.28711    0.068148 0.000837918
1.29172   0.0587096 0.000892462
1.29633   0.0537134 0.000846547
1.30095   0.0493806  0.00111566
1.30556   0.0453728 0.000840349
1.31017   0.0430796 0.000980948
1.31479   0.0418923 0.000853353
1.3194   0.0408879 0.000762264
1.32401   0.0419204 0.000935844
1.32863   0.0428426  0.00089807
1.33324   0.0466732  0.00106076
1.33785   0.0509222 0.000960695
1.34247   0.0559362  0.00100113
1.34708   0.0604268 0.000705494
1.35169   0.0673426 0.000858956
1.35631   0.0744085  0.00111565
1.36092   0.0839415  0.00116392
1.36553   0.0933478  0.00102483
1.37015    0.105765  0.00138797
1.37476    0.117878   0.0011531
1.37937    0.131986   0.0015589
1.38399    0.148778  0.00161734
1.3886    0.164415  0.00137476
1.39321    0.185126  0.00177669
1.39783    0.205514  0.00127183
1.40244    0.225875  0.00148209
1.40705    0.250004  0.00209062
1.41167    0.273059  0.00195548
1.41628    0.300577   0.0019591
1.42089    0.326682  0.00216138
1.42551    0.357156  0.00180205
1.43012    0.389434  0.00197758
1.43473    0.414404   0.0017782
1.43935    0.453572   0.0016748
1.44396     0.48863  0.00172861
1.44857    0.524412  0.00210806
1.45319    0.553843  0.00130617
1.4578    0.592469   0.0020419
1.46241    0.632136  0.00200825
1.46702    0.664386  0.00210254
1.47164    0.702957  0.00260205
1.47625    0.737625  0.00221705
1.48086    0.772831  0.00219651
1.48548    0.801789  0.00212714
1.49009    0.834431  0.00242778
1.4947    0.862117  0.00250685
1.49932    0.886885   0.0032263
1.50393    0.916705  0.00267448
1.50854     0.93194  0.00366309
1.51316     0.94499  0.00306173
1.51777    0.962088  0.00280758
1.52238    0.971804  0.00314285
1.527    0.980775  0.00307359
1.53161    0.981498  0.00277873
1.53622     0.98066  0.00252653
1.54084    0.977017  0.00284366
1.54545    0.967047  0.00374069
1.55006    0.952418  0.00320093
1.55468    0.937378  0.00313455
1.55929    0.916336  0.00342333
1.5639    0.898251  0.00271941
1.56852     0.87275   0.0023952
1.57313    0.844817  0.00284623
1.57774    0.814716  0.00248303
1.58236    0.784293  0.00327314
1.58697      0.7513    0.002415
1.59158    0.715971  0.00203683
1.5962     0.67842  0.00223097
1.60081    0.644453  0.00158454
1.60542    0.607407  0.00153482
1.61004    0.569758  0.00158701
1.61465    0.537355  0.00160423
1.61926    0.502566  0.00195687
1.62388    0.469351   0.0016604
1.62849    0.434237  0.00109242
1.6331    0.400142  0.00150471
1.63772    0.373167  0.00168804
1.64233    0.344379  0.00147853
1.64694    0.315477  0.00145434
1.65156    0.293296  0.00163066
1.65617    0.271153  0.00134499
1.66078    0.250511  0.00172152
1.6654    0.234075  0.00164013
1.67001    0.219043  0.00155407
1.67462     0.20718   0.0016251
1.67924    0.196926  0.00127422
1.68385     0.19188  0.00168999
1.68846    0.189164    0.001629
1.69308    0.188717  0.00152712
1.69769    0.192996  0.00166471
1.7023    0.203006  0.00147875
1.70692     0.21529  0.00198792
1.71153    0.233081   0.0021884
1.71614    0.253722   0.0020182
1.72076    0.278942  0.00184854
1.72537    0.310936  0.00157938
1.72998    0.343655  0.00197551
1.7346    0.384059  0.00190987
1.73921    0.431188  0.00203381
1.74382    0.484813  0.00218943
1.74844    0.540037  0.00228164
1.75305    0.606507  0.00261646
1.75766    0.670716  0.00252616
1.76228    0.744492  0.00272291
1.76689    0.829176  0.00190876
1.7715    0.913374   0.0029532
1.77612     1.00807  0.00290799
1.78073     1.09943  0.00331883
1.78534     1.19862  0.00203523
1.78995     1.30469   0.0024639
1.79457     1.40764  0.00337907
1.79918     1.51414   0.0031196
1.80379     1.62639  0.00287986
1.80841     1.73276  0.00265784
1.81302     1.84531  0.00310879
1.81763     1.95231  0.00298789
1.82225     2.05273  0.00306577
1.82686     2.15111  0.00284518
1.83147     2.24831  0.00221234
1.83609     2.34049  0.00356942
1.8407      2.4238  0.00484339
1.84531     2.49763  0.00361311
1.84993     2.56159  0.00448904
1.85454     2.62157   0.0040114
1.85915     2.66398  0.00403501
1.86377     2.69644  0.00516501
1.86838     2.72295  0.00340944
1.87299     2.73443  0.00386815
1.87761     2.74119  0.00407091
1.88222      2.7243  0.00443574
1.88683      2.7091  0.00321074
1.89145     2.67511  0.00520539
1.89606     2.62715  0.00459976
1.90067     2.57867  0.00412762
1.90529      2.5184  0.00554188
1.9099     2.44184  0.00383351
1.91451      2.3683   0.0036003
1.91913     2.29098  0.00402113
1.92374     2.20026  0.00294342
1.92835     2.10497  0.00307166
1.93297     2.00574  0.00378771
1.93758     1.90188  0.00230226
1.94219     1.80099  0.00230673
1.94681     1.69532  0.00240172
1.95142     1.59357   0.0026705
1.95603      1.4948  0.00298176
1.96065     1.39641  0.00173104
1.96526      1.2951  0.00260973
1.96987     1.20194  0.00190199
1.97449     1.11289  0.00229026
1.9791     1.02698  0.00184362
1.98371    0.948916  0.00233002
1.98833    0.872771   0.0023309
1.99294    0.798984  0.00231898
1.99755    0.738913  0.00239119
2.00217    0.679258  0.00208321
2.00678    0.626472  0.00159343
2.01139    0.579725  0.00180651
2.01601    0.540774  0.00214505
2.02062     0.50643  0.00272843
2.02523     0.47757  0.00190379
2.02985    0.457169  0.00210039
2.03446    0.442928  0.00236773
2.03907    0.429241  0.00144145
2.04369    0.426433  0.00223845
2.0483    0.431935  0.00221535
2.05291    0.434863  0.00185266
2.05753     0.44552  0.00194009
2.06214    0.458586   0.0016773
2.06675    0.476644  0.00148134
2.07137    0.499857  0.00225132
2.07598    0.527885  0.00144927
2.08059    0.554562  0.00170552
2.08521    0.588342  0.00139187
2.08982    0.622646  0.00197285
2.09443    0.656971  0.00185908
2.09905    0.689115  0.00135886
2.10366    0.724816  0.00164431
2.10827    0.762156  0.00166133
2.11288    0.796484  0.00110009
2.1175    0.829767   0.0014791
2.12211    0.864629  0.00176385
2.12672    0.895497  0.00189876
2.13134    0.921772  0.00155797
2.13595    0.950308  0.00163155
2.14056    0.974017  0.00199705
2.14518    0.995227  0.00144552
2.14979     1.01074  0.00210678
2.1544      1.0243  0.00226881
2.15902     1.03217  0.00197619
2.16363     1.03658  0.00241315
2.16824     1.03865  0.00210516
2.17286     1.03374  0.00207681
2.17747     1.02853  0.00298451
2.18208     1.01924  0.00197547
2.1867     1.00543  0.00165915
2.19131    0.990769  0.00248802
2.19592    0.965561  0.00131931
2.20054    0.908601  0.00179245
2.20515    0.886396  0.00204779
2.20976    0.861947  0.00148677
2.21438    0.839574  0.00157213
2.21899    0.812995    0.001614
2.2236    0.783851   0.0013003
2.22822    0.757126  0.00202142
2.23283    0.731229   0.0018813
2.23744    0.707203  0.00126961
2.24206    0.681465  0.00177981
2.24667    0.654372  0.00149295
2.25128    0.632404  0.00164373
2.2559    0.612425  0.00247973
2.26051    0.598126  0.00211542
2.26512    0.580916  0.00191712
2.26974    0.571173  0.00193419
2.27435    0.565835  0.00194027
2.27896    0.559054  0.00193785
2.28358    0.560223  0.00218868
2.28819    0.563678  0.00199508
2.2928    0.572019  0.00194351
2.29742    0.584697  0.00198913
2.30203     0.59883  0.00240397
