0.490874
0.408675
0.389469
0.408944
0.431957
0.419605
0.354754
0.467427
0.513737
0.470782
0.398676
0.461953
0.494248
0.436132
0.44071
0.524005
0.421407
0.407527
0.492295
0.402564
0.442449
0.44716
0.457734
0.415702
0.422305
0.432623
0.425634
0.437864
0.407062
0.498637
0.4132
0.421443
0.485815
0.380653
0.437112
0.50242
0.461414
0.438672
0.455445
0.466833
0.377918
0.415357
0.389475
0.4057
0.379951
0.403608
0.515303
0.474525
0.462369
0.43316
0.390588
0.443862
0.49935
0.421123
0.33272
0.508101
0.419915
0.391892
0.4625
0.346552
0.414316
0.420231
0.381939
0.326932
0.377252
0.377869
0.495774
0.390471
0.412629
0.544297
0.432372
0.395605
0.484027
0.46315
0.477946
0.410734
0.469749
0.522294
0.346072
0.419194
0.395696
0.448992
0.393913
0.49405
0.469798
0.374709
0.405499
0.403829
0.468594
0.351965
0.397723
0.433057
0.496519
0.470603
0.384452
0.415485
0.395011
0.468076
0.510332
0.428285
0.470524
0.475647
0.468299
0.455943
0.547244
0.496165
0.364753
0.396288
0.369559
0.422111
0.542453
0.556609
0.460367
0.469575
0.432494
0.442648
0.363466
0.458135
0.51443
0.395162
0.412992
0.463689
0.438653
0.432434
0.414931
0.456257
0.452548
0.458452
0.393223
0.423253
0.499045
0.403858
0.388326
0.45192
0.513477
0.460676
0.381727
0.482088
0.37125
0.401758
0.390457
0.467234
0.436851
0.480509
0.465234
0.351779
0.455902
0.47153
0.458894
0.456194
0.456461
0.473122
0.363583
0.373086
0.390574
0.429787
0.428887
0.481459
0.389739
0.427529
0.474194
0.394592
0.403105
0.471256
0.416816
0.442223
0.363551
0.422839
0.41303
0.49851
0.373604
0.447007
0.453804
0.489038
0.435166
0.446124
0.384922
0.431374
0.372342
0.470928
0.365257
0.501044
0.463906
0.449028
0.469559
0.474154
0.521224
0.393241
0.352513
0.401775
0.474144
0.41747
0.416272
0.509993
0.405501
0.416375
0.422321
0.433497
0.401386
0.397532
0.398885
0.404779
0.400357
0.421402
0.350759
0.426104
0.389775
0.524891
0.429975
0.424426
0.450346
0.511796
0.363003
0.44664
0.42876
0.327072
0.380429
0.491237
0.431751
0.417547
0.400606
0.401983
0.439196
0.383515
0.467676
0.566653
0.445907
0.454672
0.417943
0.412686
0.379619
0.44368
0.459753
0.416018
0.423022
0.444505
0.383058
0.406868
0.426991
0.465006
0.477711
0.467111
0.49241
0.393294
0.44097
0.440003
0.394537
0.435492
0.398496
0.368843
0.437282
0.437575
0.399657
0.410554
0.450006
0.486725
0.426413
0.401656
0.46754
0.351624
0.41026
0.438608
0.42466
0.43052
0.404415
0.434975
0.394448
0.441619
0.513295
0.420303
0.46893
0.4422
0.411894
0.448873
0.490499
0.433703
0.451568
0.417866
0.460329
0.39792
0.439595
0.502463
0.466796
0.399627
0.437327
0.420538
0.436477
0.437873
0.400749
0.401783
0.433476
0.443679
0.422552
0.528385
0.436857
0.416091
0.430973
0.405502
0.494828
0.447227
0.437193
0.506246
0.456484
0.460799
0.457107
0.405216
0.499731
0.481798
0.463224
0.413507
0.493561
0.413255
0.439634
0.445078
0.446775
0.486115
0.425476
0.499543
0.447506
0.381294
0.434235
0.424232
0.344057
0.415312
0.436687
0.453717
0.402365
0.551394
0.395203
0.38583
0.335459
0.42393
0.422621
0.456556
0.470236
0.41769
0.44789
0.417288
0.397382
0.357309
0.370665
0.385161
0.488052
0.509273
0.477413
0.448924
0.404431
0.451191
0.423939
0.424763
0.442455
0.503887
0.402561
0.393006
0.376696
0.385939
0.409695
0.413703
0.389636
0.448501
0.483309
0.405485
0.442016
0.404099
0.420774
0.479294
0.393874
0.408794
0.417602
0.47142
0.466259
0.509497
0.401213
0.422253
0.404863
0.40695
0.45238
0.416814
0.425732
0.370565
0.451775
0.435558
0.480253
0.418299
0.397151
0.488801
0.426353
0.503755
0.480061
0.398152
0.436262
0.482723
0.478568
0.451771
0.470355
0.495477
0.466176
0.444805
0.522854
0.442019
0.413529
0.406839
0.386004
0.449464
0.423941
0.386483
0.401781
0.420464
0.408858
0.508588
0.397301
0.473087
0.473597
0.345203
0.397694
0.450023
0.432745
0.429791
0.460833
0.434967
0.453093
0.511897
0.463422
0.401923
0.467286
0.401255
0.439611
0.335866
0.348855
0.45983
0.508138
0.428
0.456355
0.390684
0.317821
0.372184
0.476854
0.417572
0.46616
0.366208
0.443371
0.393282
0.459419
0.460885
0.377999
0.508811
0.416299
0.432162
0.489017
0.383941
0.396748
0.501993
0.489269
0.406667
0.407265
0.405029
0.42586
0.435438
0.443224
0.428514
0.386855
0.445217
0.503392
0.442912
0.386243
0.53277
0.368765
0.457477
0.390722
0.370028
0.451436
0.490796
0.389403
0.491583
0.435857
0.463254
0.572537
0.415774
0.389761
0.415026
0.475825
0.456552
0.432595
0.430975
0.442093
0.382789
0.444471
0.436067
0.496783
0.472351
0.394876
0.440987
0.451774
0.538394
0.470776
0.377815
0.3931
0.480165
0.463747
0.375142
0.436914
0.468626
0.413012
0.409832
0.475496
0.455644
0.491308
0.417806
0.399304
0.431916
0.431393
0.384277
0.453558
0.481091
0.38724
0.511984
0.465065
0.413154
0.443058
0.435265
0.418184
0.476107
0.371019
0.446495
0.422104
0.415397
0.450972
0.489594
0.391274
0.449912
0.413963
0.395573
0.429559
0.483594
0.452979
0.41683
0.44105
0.422581
0.479992
0.445978
0.448405
0.475986
0.404986
0.416028
0.392217
0.461978
0.370797
0.439238
0.427246
0.434132
0.356327
0.407258
0.410915
0.434141
0.380144
0.442751
0.423054
0.498662
0.534133
0.3822
0.433574
0.444285
0.472279
0.49645
0.45534
0.525389
0.40088
0.486834
0.352758
0.462889
0.475949
0.528185
0.392462
0.522779
0.460404
0.452029
0.420415
0.416401
0.379682
0.405755
0.479682
0.394146
0.395846
0.423766
0.435853
0.40225
0.511752
0.412971
0.452761
0.455609
0.422252
0.556435
0.340254
0.432519
0.417714
0.416676
0.446334
0.390839
0.4416
0.372145
0.439016
0.396961
0.48993
0.3977
0.549621
0.36059
0.48264
0.431396
0.455155
0.535656
0.459121
0.465209
0.472859
0.402107
0.396591
0.429716
0.459839
0.430586
0.428242
0.421498
0.415834
0.480494
0.447861
0.493303
0.431135
0.46989
0.435857
0.400999
0.422458
0.373885
0.473186
0.532413
0.567361
0.365238
0.431026
0.409108
0.416846
0.448394
0.373426
0.391584
0.384319
0.49871
0.421476
0.480523
0.477723
0.39733
0.481383
0.445998
0.439078
0.419773
0.409096
0.431585
0.444263
0.453362
0.374656
0.383437
0.494893
0.484937
0.384721
0.446888
0.432065
0.441956
0.440194
0.468302
0.473433
0.480083
0.413362
0.469264
0.478271
0.493701
0.488349
0.437779
0.428405
0.413918
0.473058
0.403132
0.38692
0.457475
0.426291
0.437842
0.425492
0.413499
0.415069
0.450235
0.371536
0.491787
0.403081
0.412155
0.452673
0.409378
0.418477
0.42112
0.446869
0.44804
0.427145
0.438725
0.493045
0.44904
0.521822
0.385386
0.424746
0.386954
0.444144
0.427403
0.442318
0.388251
0.42237
0.418858
0.427734
0.429698
0.403672
0.427051
0.46368
0.371623
0.449883
0.443203
0.440913
0.453448
0.483933
0.435196
0.452247
0.495416
0.517553
0.418652
0.353075
0.459419
0.40794
0.468736
0.444021
0.468042
0.406591
0.416913
0.481586
0.409912
0.455309
0.43282
0.430469
0.50146
0.487117
0.392633
0.379316
0.448664
0.360302
0.435397
0.419555
0.394592
0.449355
0.393954
0.447873
0.534132
0.441934
0.4001
0.469847
0.406676
0.479536
0.38909
0.441903
0.408216
0.362226
0.402825
0.422268
0.414509
0.481543
0.45827
0.493579
0.468811
0.479091
0.453842
0.511709
0.473112
0.418929
0.474981
0.430357
0.472873
0.489986
0.42574
0.422244
0.437982
0.45671
0.440354
0.407037
0.4563
0.511974
0.445102
0.451517
0.518418
0.458442
0.414457
0.376241
0.359349
0.417409
0.519425
0.440842
0.350917
0.433309
0.433793
0.526684
0.385645
0.464629
0.360944
0.413035
0.433891
0.502051
0.433149
0.527142
0.405744
0.459391
0.414163
0.454207
0.409545
0.3293
0.40936
0.36051
0.476911
0.479843
0.369652
0.409452
0.414373
0.491405
0.466875
0.394407
0.388668
0.410743
0.452417
0.433026
0.43834
0.43544
0.462471
0.445752
0.452165
0.398339
0.380918
0.411777
0.341916
0.480487
0.379067
0.424195
0.508339
0.441336
0.427199
0.391354
0.365314
0.561395
0.455686
0.410648
0.419177
0.357062
0.426057
0.402877
0.41739
0.363482
0.450126
0.53152
0.436707
0.460865
0.420586
0.413656
0.424707
0.45657
0.397292
0.457016
0.407246
0.481851
0.440304
0.530712
0.423809
0.457917
0.427946
0.416664
0.430533
0.462553
0.494824
0.498395
0.376517
0.456269
0.426234
0.528451
0.463658
0.48291
0.431015
0.345548
0.437233
0.479157
0.406428
0.512852
0.4062
0.474612
0.394702
0.467466
0.468135
0.416365
0.431363
0.384334
0.375804
0.37067
0.476372
0.376321
0.465742
0.412289
0.482582
0.396755
0.534015
0.439662
0.384539
0.442869
0.352043
0.370856
0.370134
0.39613
0.486873
0.501841
0.418196
0.383138
0.417694
0.390021
0.46015
0.458272
0.423324
0.465621
0.427996
0.462239
0.442561
0.424817
0.426746
0.470448
0.34537
0.458921
0.393284
0.456751
0.463814
0.410853
0.462785
0.503899
0.399802
0.514587
0.450903
0.415091
0.465176
0.448561
0.384975
0.439555
0.417256
0.413086
0.411388
0.392326
0.481026
0.490089
0.481365
0.395125
0.370896
0.517736
0.377908
0.462762
0.324202
0.422763
0.430995
0.395438
0.423262
0.459934
0.397527
0.484894
0.444688
0.460013
0.425892
0.384947
0.482155
0.380931
0.482372
0.445268
0.407434
0.471756
0.444372
0.406867
0.420048
0.431933
0.446375
0.420269
0.392929
0.487871
0.347529
0.391072
0.420981
0.400515
0.416337
0.414408
0.441175
0.401374
0.429144
0.396681
0.487865
0.445942
0.389877
0.45352
0.404459
0.440363
0.363948
0.353746
0.380995
0.389285
0.462472
0.469234
0.383518
0.456305
0.387138
0.446239
0.460404
0.455251
0.415546
0.464436
0.507639
0.410502
0.369105
0.408492
0.41764
0.41869
0.491906
0.412622
0.470635
0.519139
0.521818
0.393334
0.437249
0.490464
0.41726
0.426949
0.479907
0.452186
0.446444
0.363414
0.377214
0.416272
0.383112
0.400324
0.45556
0.407024
0.474477
0.49913
0.370612
0.414472
0.429791
0.377587
0.406444
0.445441
0.421753
0.473633
0.361546
0.512705
0.481518
0.383851
0.418148
0.40816
0.462015
0.512284
0.418276
0.351924
0.394792
0.460739
0.411765
0.501961
0.454474
0.46274
0.355736
0.383335
0.413055
0.445676
0.392218
0.459404
0.470864
0.335704
0.438521
0.511438
0.538024
0.420491
0.46004
0.479672
0.397666
0.468911
0.498829
0.411666
0.463141
0.419831
0.530171
0.443034
0.452915
0.427719
0.422714
0.472278
0.448337
0.384952
0.392689
0.38425
0.439064
0.446589
0.413942
0.5852
0.432805
0.531382
0.476665
0.437027
0.469635
0.404523
0.448095
0.441492
0.475586
0.41701
0.419678
0.375902
0.520308
0.389047
0.433195
0.497755
0.422872
0.415478
0.441722
0.447925
0.442292
0.394648
0.448882
0.51816
0.481364
0.404241
0.462415
0.431133
0.382621
0.37003
0.48979
0.383136
0.39937
0.428077
0.42521
0.437493
0.473254
0.450533
0.379389
0.466023
0.348295
0.461372
0.408461
0.577928
0.451195
0.481785
0.367536
0.554166
0.404505
0.466028
0.407863
0.421491
0.387844
0.516414
0.387389
0.533375
0.426348
0.465552
0.45802
0.394061
0.465091
0.505345
0.438856
0.419959
0.486477
0.41428
0.444769
0.43444
0.454394
0.430966
0.434218
0.470426
0.366881
0.410624
0.453787
0.551505
0.524934
0.449573
0.458734
0.437036
0.350199
0.439344
0.397889
0.432431
0.45538
0.419396
0.426249
0.492434
0.517477
0.393545
0.37345
0.428192
0.352447
0.439308
0.397937
0.409592
0.423019
0.417856
0.407558
0.505353
0.436613
0.433677
0.450321
0.406618
0.463444
0.518904
0.451385
0.400188
0.375118
0.443704
0.392789
0.477256
0.450473
0.493248
0.468843
0.412068
0.385788
0.466512
0.461827
0.40999
0.344616
0.471293
0.500774
0.350624
0.531807
0.422368
0.396667
0.398487
0.392334
0.450335
0.519195
0.550675
0.423528
0.476157
0.439447
0.413952
0.398149
0.396758
0.450916
0.405161
0.477084
0.389543
0.437044
0.483797
0.482822
0.493122
0.330291
0.466679
0.414234
0.453401
0.39429
0.439779
0.453303
0.383209
0.492453
0.418244
0.378469
0.407689
0.491794
0.450497
0.35182
0.487129
0.413333
0.393804
0.308734
0.462494
0.440653
0.423185
0.46702
0.412904
0.384678
0.48249
0.402477
0.380637
0.338827
0.440213
0.424508
0.447984
0.393675
0.453936
0.364581
0.432734
0.370967
0.443548
0.415852
0.437766
0.367123
0.453921
0.415389
0.461883
0.456684
0.431147
0.381236
0.535359
0.479287
0.436308
0.418036
0.429365
0.452343
0.466205
0.467831
0.390624
0.448514
0.400065
0.455842
0.359014
0.56548
0.422502
0.482134
0.476016
0.440447
0.484073
0.442234
0.485861
0.40502
0.438609
0.491971
0.420101
0.366632
0.430292
0.459579
0.371822
0.403454
0.473343
0.459539
0.388611
0.450629
0.468064
0.428668
0.429847
0.470228
0.471624
0.434965
0.443606
0.414158
0.518523
0.48931
0.447902
0.442987
0.368526
0.45169
0.525864
0.426331
0.495637
0.372253
0.546738
0.502295
0.443059
0.396298
0.423606
0.501701
0.411785
0.429073
0.519969
0.39975
0.438435
0.449169
0.410383
0.336667
0.413536
0.405445
0.389464
0.46794
0.46691
0.456377
0.587443
0.45526
0.441111
0.507041
0.450432
0.431535
0.460938
0.411558
0.507093
0.425408
0.440502
0.449382
0.456783
0.43801
0.484821
0.603236
0.420873
0.463067
0.379406
0.465791
0.434338
0.466945
0.431847
0.445701
0.397239
0.511867
0.429461
0.438127
0.413089
0.354853
0.463814
0.466678
0.404787
0.447957
0.405283
0.415485
0.42972
0.444174
0.456789
0.402793
0.311445
0.424758
0.491126
0.371652
0.441221
0.414416
0.449024
0.508295
0.414574
0.362774
0.381043
0.427986
0.465163
0.457301
0.405397
0.369461
0.520467
0.468502
0.455829
0.475961
0.472582
0.449693
0.424351
0.501505
0.435971
0.501162
0.44971
0.518371
0.419235
0.497165
0.375985
0.474061
0.438864
0.487183
0.416353
0.479672
0.511854
0.49858
0.405449
0.391056
0.444543
0.492552
0.429388
0.477205
0.475332
0.459608
0.48063
0.483741
0.405152
0.401789
0.436338
0.513846
0.399731
0.473569
0.434387
0.49519
0.400967
0.521184
0.417752
0.515882
0.496228
0.429947
0.390307
0.443475
0.392506
0.443275
0.409677
0.425529
0.42405
0.42999
0.447595
0.375242
0.435576
0.434022
0.478759
0.521075
0.423725
0.464138
0.50712
0.450399
0.416062
0.428859
0.498599
0.473302
0.410519
0.35932
0.465376
0.494873
0.431025
0.41052
0.416363
0.431979
0.358539
0.404013
0.48469
0.453069
0.394954
0.4451
0.398651
0.403878
0.38484
0.409455
0.446046
0.311678
0.453763
0.548525
0.374809
0.409148
0.409593
0.406408
0.414609
0.4203
0.491392
0.463256
0.40608
0.354763
0.500055
0.331057
0.430663
0.408798
0.437146
0.410018
0.391854
0.452358
0.399664
0.403185
0.518385
0.453269
0.396781
0.399913
0.530248
0.384371
0.41487
0.494584
0.500243
0.498468
0.417958
0.382281
0.42483
0.401446
0.451368
0.551684
0.420809
0.503647
0.402297
0.411589
0.426917
0.437708
0.496011
0.431253
0.449685
0.443459
0.488101
0.368798
0.351083
0.387588
0.465972
0.554314
0.508018
0.504125
0.559929
0.4096
0.459767
0.392351
0.391901
0.432587
0.494706
0.404864
0.455943
0.455141
0.473544
0.504425
0.367949
0.465975
0.480556
0.304143
0.401111
0.443218
0.461655
0.484127
0.46212
0.393972
0.379479
0.43382
0.413706
0.387632
0.368945
0.520662
0.456168
0.447517
0.45043
0.424138
0.425215
0.450338
0.42668
0.496733
0.465324
0.494498
0.417833
0.412332
0.42617
0.443023
0.437585
0.446107
0.369857
0.452598
0.41751
0.42815
0.455168
0.479636
0.462096
0.50017
0.393091
0.401935
0.48836
0.489068
0.419262
0.400634
0.428935
0.470898
0.419188
0.420544
0.434867
0.429656
0.431866
0.443334
0.448641
0.427879
0.379857
0.390018
0.477407
0.383238
0.48542
0.444951
0.365356
0.451056
0.499698
0.474157
0.384754
0.463338
0.448073
0.515674
0.41036
0.514332
0.492151
0.44136
0.437927
0.512097
0.458578
0.450709
0.410658
0.396225
0.471589
0.406948
0.406262
0.421685
0.383598
0.445963
0.441089
0.492621
0.420831
0.502
0.44198
0.432999
0.399984
0.584912
0.409911
0.446555
0.447473
0.488278
0.467257
0.395041
0.436826
0.381581
0.488612
0.373401
0.379525
0.385389
0.428812
0.376467
0.378707
0.416457
0.409964
0.368904
0.469905
0.455843
0.517246
0.450275
0.498079
0.345501
0.419502
0.406238
0.393894
0.553568
0.453843
0.441606
0.384918
0.404621
0.506813
0.475999
0.405912
0.390625
0.407502
0.409896
0.434768
0.524412
0.335545
0.392377
0.456905
0.369284
0.398212
0.482023
0.448711
0.403121
0.373513
0.386926
0.480617
0.412045
0.410386
0.454068
0.421328
0.380904
0.515333
0.407068
0.367013
0.448459
0.551511
0.475596
0.391621
0.369973
0.392691
0.48446
0.440798
0.475595
0.40703
0.374899
0.407007
0.487385
0.473797
0.433318
0.47524
0.504176
0.482165
0.45104
0.411978
0.423571
0.400616
0.413598
0.433184
0.495077
0.425967
0.453953
0.44161
0.467761
0.419785
0.453926
0.42123
0.43942
0.427773
0.392248
0.44946
0.357027
0.449147
0.463845
0.448267
0.420175
0.426588
0.403524
0.462646
0.412222
0.435909
0.396747
0.480538
0.470781
0.404157
0.393389
0.499596
0.522156
0.356318
0.380577
0.456129
0.488545
0.479545
0.393018
0.370344
0.392972
0.423696
0.438931
0.39291
0.456649
0.450064
0.432224
0.418853
0.37942
0.377167
0.470567
0.407301
0.458148
0.474019
0.456057
0.427308
0.466249
0.467744
0.44775
0.494869
0.375911
0.441107
0.440751
0.449301
0.505588
0.436287
0.342907
0.421449
0.395368
0.383612
0.354367
0.436958
0.427551
0.414733
0.396418
0.453946
0.4586
0.532679
0.463433
0.402311
0.441475
0.461168
0.481469
0.426976
0.481145
0.44208
0.531596
0.415964
0.443744
0.388959
0.370656
0.487679
0.369012
0.367546
0.411452
0.414846
0.424089
0.336285
0.405632
0.399662
0.363835
0.450105
0.440914
0.355432
0.379506
0.528312
0.416164
0.410961
0.431149
0.422112
0.426147
0.35558
0.403834
0.434698
0.486272
0.493048
0.445614
0.41811
0.390521
0.359225
0.425722
0.444595
0.357996
0.446603
0.51219
0.459035
0.301949
0.404699
0.463037
0.403919
0.419532
0.416583
0.397118
0.449017
0.413366
0.439711
0.458241
0.469232
0.458166
0.4436
0.500134
0.422874
0.444756
0.437326
0.483927
0.42389
0.367168
0.396549
0.483632
0.451891
0.362919
0.448875
0.427791
0.419823
0.496345
0.459335
0.424613
0.425301
0.39024
0.36828
0.484809
0.455678
0.417797
0.447959
0.423932
0.4465
0.414171
0.397269
0.423989
0.42774
0.355295
0.48229
0.407455
0.500505
0.349391
0.358935
0.461573
0.437762
0.394712
0.462777
0.422664
0.427986
0.332006
0.379897
0.491961
0.45193
0.405998
0.459972
0.42698
0.432841
0.418447
0.430777
0.38426
0.445988
0.446497
0.390808
0.420649
0.4877
0.441346
0.338801
0.45685
0.375341
0.438471
0.348952
0.396569
0.454564
0.424944
0.41965
0.449006
0.480468
0.422988
0.492127
0.409363
0.420008
0.424597
0.465679
0.383718
0.506631
0.442081
0.406509
0.476424
0.458314
0.469055
0.379758
0.514445
0.40617
0.465819
0.388316
0.443888
0.432549
0.397715
0.34804
0.453421
0.422442
0.402704
0.444908
0.436017
0.467862
0.409239
0.424578
0.428328
0.348067
0.419636
0.445026
0.467056
0.47979
0.4058
0.481662
0.399649
0.44139
0.391287
0.454243
0.457181
0.454487
0.529748
0.385802
0.355492
0.466846
0.532458
0.441119
0.394434
0.335476
0.387156
0.428018
0.526886
0.400568
0.402473
0.443215
0.415975
0.418684
0.43269
0.378577
0.39848
0.452079
0.437519
0.359169
0.449905
0.411378
0.512831
0.375236
0.427331
0.528379
0.443903
0.401604
0.439592
0.379817
0.461386
0.332816
0.446808
0.553143
0.409182
0.57385
0.366277
0.494766
0.371376
0.435511
0.447017
0.465326
0.348355
0.401043
0.419736
0.460644
0.4222
0.458935
0.415873
0.391568
0.389263
0.455212
0.496752
0.497761
0.389188
0.42691
0.387586
0.478982
0.451041
0.456838
0.425985
0.434698
0.421952
0.433283
0.464328
0.34336
0.413628
0.405529
0.51534
0.450481
0.40117
0.496481
0.367745
0.474972
0.388545
0.494512
0.41042
0.447472
0.363894
0.429695
0.466256
0.393644
0.354369
0.432773
0.463778
0.38564
0.410552
0.466963
0.436712
0.352575
0.533266
0.427535
0.476704
0.445101
0.374197
0.509184
0.442034
0.470145
0.457909
0.399813
0.323833
0.445797
0.478193
0.479942
0.46266
0.416161
0.440462
0.390222
0.450209
0.337718
0.417123
0.465823
0.449227
0.429975
0.404785
0.448099
0.485895
0.549043
0.400038
0.379068
0.426168
0.392461
0.444273
0.51197
0.395564
0.494736
0.481027
0.373245
0.349812
0.379856
0.431581
0.454134
0.469177
0.368281
0.410393
0.460799
0.446458
0.408339
0.45941
0.390987
0.417985
0.404
0.393998
0.340717
0.474969
0.455634
0.393119
0.476412
0.46758
0.496886
0.461602
0.362689
0.413917
0.437428
0.397088
0.454484
0.448967
0.382684
0.382825
0.373522
0.429595
0.453048
0.468684
0.403266
0.391632
0.48383
0.48005
0.453588
0.584394
0.447308
0.45877
0.412829
0.420857
0.378734
0.40593
0.507674
0.46579
0.464599
0.478506
0.504003
0.393193
0.433938
0.339276
0.385852
0.421409
0.374325
0.40884
0.443009
0.474233
0.450576
0.375854
0.382839
0.384885
0.413057
0.355296
0.453873
0.408309
0.42169
0.399865
0.457015
0.44999
0.451139
0.392366
0.446961
0.468975
0.422425
0.398849
0.438026
0.472648
0.410088
0.474527
0.453125
0.429102
0.475151
0.470138
0.496605
0.49713
0.395572
0.419074
0.457404
0.427676
0.46719
0.43882
0.483984
0.474896
0.453934
0.379546
0.49433
0.406108
0.451156
0.45879
0.469329
0.375799
0.418938
0.469585
0.45738
0.448053
0.389116
0.419889
0.410839
0.381056
0.411528
0.458734
0.450541
0.458579
0.291901
0.518418
0.471404
0.473854
0.479348
0.472219
0.464454
0.399378
0.369489
0.426678
0.394513
0.501674
0.519422
0.43561
0.425919
0.435953
0.503525
0.435632
0.420767
0.507784
0.405438
0.469594
0.397453
0.420765
0.461824
0.436625
0.437879
0.448128
0.488147
0.441825
0.458105
0.438802
0.422489
0.472238
0.394554
0.491781
0.462675
0.418428
0.451466
0.417129
0.433308
0.442436
0.460502
0.435851
0.407924
0.445862
0.449119
0.404558
0.502904
0.380405
0.364072
0.429267
0.397679
0.463628
0.463851
0.454231
0.382888
0.403034
0.450312
0.455966
0.500128
0.377971
0.44055
0.418915
0.403915
0.408227
0.428452
0.501642
0.397973
0.405062
0.463235
0.449993
0.435824
0.402591
0.444865
0.45517
0.435712
0.425534
0.486561
0.445929
0.460621
0.533982
0.378924
0.412152
0.419115
0.442599
0.356898
0.464528
0.420835
0.41142
0.470219
0.423684
0.399011
0.438839
0.474902
0.372224
0.387705
0.509188
0.428527
0.441712
0.422731
0.464927
0.463054
0.414842
0.441597
0.500892
0.413301
0.431197
0.423286
0.403174
0.443126
0.450611
0.384544
0.452158
0.47727
0.3843
0.419332
0.434477
0.439472
0.457165
0.386976
0.341776
0.465018
0.422491
0.373885
0.408142
0.409979
0.487613
0.437238
0.467299
0.430735
0.526649
0.420858
0.439582
0.442419
0.539052
0.524308
0.441352
0.433889
0.412375
0.512513
0.490174
0.357395
0.393584
0.4626
0.422227
0.430259
0.433061
0.500965
0.514939
0.451248
0.461211
0.457801
0.437226
0.544835
0.508809
0.494762
0.489579
0.43038
0.494616
0.395622
0.419971
0.396997
0.448654
0.42981
0.489133
0.447108
0.405711
0.446358
0.456774
0.446912
0.46525
0.429168
0.468302
0.455906
0.361899
0.431131
0.407636
0.44209
0.406148
0.40669
0.4174
0.501088
0.408718
0.463502
0.379737
0.444084
0.408917
0.464542
0.360916
0.449358
0.451318
0.394844
0.362525
0.473148
0.514354
0.444785
0.382065
0.440437
0.410528
0.473475
0.405429
0.438858
0.444283
0.435494
0.355305
0.390969
0.406458
0.41573
0.524892
0.388995
0.518475
0.378886
0.472051
0.536711
0.389476
0.433749
0.466279
0.487407
0.434722
0.483861
0.446514
0.364869
0.481555
0.44804
0.447246
0.462331
0.477977
0.462844
0.457346
0.420019
0.44101
0.443775
0.434456
0.430123
0.405228
0.440596
0.391816
0.363386
0.442702
0.42127
0.356548
0.429491
0.433944
0.421567
0.451469
0.4157
0.424483
0.388923
0.415948
0.449246
0.506565
0.449897
0.447297
0.391522
0.448208
0.412574
0.407947
0.417856
0.389983
0.517862
0.414574
0.418074
0.579012
0.484123
0.519025
0.490701
0.482591
0.443053
0.470691
0.423063
0.473235
0.356532
0.441083
0.40786
0.473833
0.437327
0.480602
0.471061
0.471505
0.487223
0.405913
0.503707
0.437899
0.464819
0.428928
0.357029
0.338812
0.489245
0.493802
0.467738
0.431029
0.474808
0.420489
0.415965
0.361032
0.378336
0.438183
0.362349
0.512551
0.480622
0.459909
0.410176
0.51072
0.42562
0.528565
0.399463
0.498759
0.403049
0.436686
0.582011
0.402559
0.515795
0.409537
0.435589
0.432436
0.42318
0.429049
0.439548
0.446757
0.412404
0.482227
0.473951
0.353374
0.428745
0.345123
0.361854
0.406033
0.422627
0.459936
0.449952
0.408235
0.351132
0.439415
0.370324
0.397978
0.475052
0.378927
0.451065
0.43894
0.441284
0.450336
0.420642
0.439073
0.437755
0.388845
0.405249
0.452539
0.483628
0.448117
0.403475
0.434887
0.500734
0.478346
0.420142
0.467743
0.419126
0.513463
0.408019
0.42948
0.435966
0.468768
0.500095
0.494906
0.43407
0.450788
0.389047
0.388543
0.50287
0.493472
0.405436
0.465662
0.524371
0.431329
0.437324
0.386678
0.435161
0.471103
0.429892
0.443739
0.484935
0.4753
0.412311
0.391545
0.417099
0.425213
0.440103
0.383693
0.448182
0.428351
0.422775
0.448143
0.406008
0.389304
0.436545
0.377747
0.505545
0.460237
0.49141
0.398787
0.422989
0.465927
0.528605
0.404568
0.386112
0.483583
0.503695
0.452524
0.443747
0.380529
0.386752
0.417375
0.427529
0.426879
0.560626
0.416099
0.385181
0.409488
0.371478
0.436063
0.414371
0.442843
0.417939
0.375416
0.444149
0.352959
0.517158
0.463321
0.380079
0.489512
0.390683
0.394826
0.386237
0.385162
0.419496
0.375029
0.442883
0.423127
0.384108
0.401165
0.397559
0.506496
0.506442
0.387987
0.377547
0.422765
0.411368
0.457639
0.426415
0.424256
0.402541
0.442829
0.382151
0.490606
0.457752
0.382028
0.480421
0.45384
0.469131
0.432316
0.473252
0.422239
0.433451
0.431626
0.37493
0.438234
0.454702
0.457364
0.515674
0.47101
0.378478
0.503397
0.365177
0.391196
0.485783
0.453373
0.391495
0.459432
0.4759
0.450754
0.460193
0.426915
0.443437
0.450607
0.407362
0.477707
0.452576
0.449026
0.488067
0.541282
0.367744
0.498377
0.374271
0.349911
0.511076
0.353928
0.456538
0.394452
0.441643
0.415584
0.4852
0.408414
0.390695
0.432662
0.399976
0.392728
0.39872
0.429546
0.47902
0.436506
0.474392
0.396919
0.426369
0.445284
0.449085
0.442845
0.368119
0.520011
0.354158
0.458921
0.426861
0.444316
0.490813
0.437359
0.473783
0.407859
0.302244
0.409859
0.401041
0.434331
0.485604
0.438586
0.441406
0.542268
0.425989
0.386181
0.397957
0.507609
0.436273
0.433588
0.451117
0.47456
0.429727
0.429426
0.417273
0.513568
0.396601
0.420258
0.374074
0.377977
0.460546
0.475842
0.403955
0.406756
0.506474
0.462812
0.410431
0.432336
0.342489
0.465175
0.497955
0.477323
0.428669
0.392734
0.494828
0.427407
0.44047
0.502509
0.482191
0.493354
0.50091
0.369452
0.491907
0.431645
0.357583
0.466779
0.486137
0.414349
0.340877
0.458261
0.466873
0.435038
0.444441
0.376979
0.416676
0.48328
0.43269
0.403882
0.398259
0.440493
0.447368
0.380873
0.40117
0.370232
0.460714
0.49049
0.416281
0.518339
0.421212
0.434623
0.367621
0.473286
0.401857
0.34747
0.49668
0.393794
0.401793
0.431998
0.502761
0.363874
0.412614
0.437237
0.439693
0.44237
0.406545
0.497951
0.443405
0.414092
0.414388
0.441195
0.500917
0.412986
0.414651
0.486962
0.534631
0.362851
0.451758
0.423039
0.47168
0.404191
0.412377
0.401243
0.432683
0.462857
0.48046
0.422084
0.45827
0.417192
0.408873
0.441692
0.443611
0.409965
0.410184
0.499176
0.49016
0.485145
0.435619
0.423114
0.545193
0.434377
0.407796
0.375163
0.424608
0.433717
0.431928
0.500807
0.393531
0.465137
0.430402
0.484213
0.439307
0.363879
0.473937
0.449293
0.430612
0.42111
0.420814
0.460737
0.375864
0.427636
0.452899
0.437104
0.409813
0.458626
0.46199
0.335023
0.460619
0.439955
0.375365
0.454652
0.412531
0.397284
0.513873
0.473106
0.361577
0.418793
0.413215
0.443367
0.433989
0.503895
0.41395
0.476894
0.480037
0.39002
0.460653
0.439222
0.378833
0.495447
0.453075
0.429353
0.495144
0.372434
0.42118
0.402482
0.471691
0.367487
0.37166
0.429022
0.427383
0.439242
0.465519
0.397602
0.429438
0.349943
0.380301
0.543856
0.468961
0.470094
0.392378
0.464854
0.466051
0.392411
0.403481
0.397083
0.441695
0.433565
0.433325
0.469645
0.410451
0.414482
0.370346
0.435276
0.429024
0.416832
0.413676
0.473964
0.487337
0.408406
0.45135
0.4462
0.473166
0.401954
0.43467
0.45473
0.52327
0.381246
0.398711
0.42421
0.463668
0.362831
0.445406
0.535398
0.436306
0.384351
0.387285
0.45904
0.532699
0.407688
0.372697
0.485851
0.316372
0.465195
0.440084
0.322602
0.446688
0.391081
0.458854
0.432625
0.415218
0.408845
0.335501
0.436515
0.520205
0.413421
0.37059
0.474362
0.383211
0.420385
0.430877
0.391248
0.464483
0.484114
0.421654
0.4818
0.461211
0.463033
0.419558
0.402139
0.443565
0.469193
0.428086
0.465025
0.532083
0.378397
0.377246
0.400237
0.389363
0.439728
0.368945
0.418034
0.447671
0.455143
0.441781
0.462035
0.386125
0.439063
0.481523
0.4385
0.406692
0.394533
0.392914
0.344886
0.415669
0.46857
0.480294
0.52095
0.393591
0.519817
0.430005
0.44412
0.422829
0.407515
0.373448
0.475312
0.420188
0.475924
0.431096
0.473361
0.429617
0.467541
0.432665
0.456628
0.372661
0.431182
0.432039
0.42337
0.468173
0.453609
0.423581
0.381103
0.402718
0.455405
0.427515
0.435902
0.44327
0.44634
0.416921
0.413701
0.398527
0.360521
0.38253
0.480862
0.389078
0.421323
0.488934
0.455442
0.537079
0.413891
0.377157
0.438544
0.45024
0.461087
0.452638
0.477411
0.390872
0.422429
0.406424
0.435187
0.360069
0.423076
0.404395
0.546574
0.447215
0.395007
0.489862
0.451545
0.378307
0.428439
0.492678
0.383038
0.47954
0.513198
0.467777
0.469235
0.435697
0.418483
0.403227
0.511207
0.468446
0.488466
0.435103
0.421974
0.38633
0.451741
0.460723
0.432824
0.438843
0.529679
0.410047
0.432563
0.458733
0.469826
0.379758
0.360371
0.452023
0.480685
0.44167
0.454235
0.528822
0.462259
0.405375
0.389268
0.435441
0.43327
0.407209
0.510208
0.437035
0.449254
0.531524
0.456663
0.493345
0.435835
0.39866
0.467466
0.431598
0.385556
0.355816
0.400763
0.391009
0.614253
0.411929
0.409555
0.475475
0.52659
0.41078
0.50188
0.465207
0.411297
0.413097
0.447808
0.509449
0.421602
0.447422
0.475192
0.493121
0.41597
0.405775
0.44822
0.51614
0.38757
0.498303
0.378258
0.500312
0.403691
0.468699
0.482484
0.446965
0.425215
0.434144
0.404594
0.465371
0.511754
0.376569
0.386785
0.372611
0.390357
0.39749
0.428063
0.527416
0.380408
0.502857
0.446651
0.415177
0.412075
0.43585
0.473702
0.431698
0.431212
0.442464
0.531666
0.403295
0.404895
0.421299
0.418781
0.396959
0.407299
0.467497
0.441575
0.452867
0.399599
0.450267
0.462177
0.3762
0.469886
0.485565
0.427469
0.424592
0.420974
0.370625
0.431078
0.46236
0.521694
0.439764
0.466859
0.478828
0.379781
0.401484
0.40494
0.428721
0.398202
0.381434
0.386097
0.44633
0.476732
0.421231
0.467357
0.416569
0.372154
0.340902
0.355107
0.384413
0.393498
0.422122
0.40012
0.47278
0.447057
0.467775
0.439114
0.448267
0.469858
0.473332
0.443208
0.428204
0.423382
0.429652
0.377287
0.460883
0.343142
0.389101
0.444167
0.433195
0.450639
0.457704
0.415614
0.534965
0.371601
0.448037
0.477206
0.462519
0.393939
0.369917
0.505995
0.443507
0.426323
0.383723
0.446041
0.469056
0.474282
0.374509
0.373103
0.456795
0.431034
0.495511
0.383739
0.368457
0.462392
0.462195
0.420051
0.520614
0.456613
0.418803
0.46221
0.334217
0.423028
0.451292
0.427752
0.45223
0.389253
0.48522
0.384686
0.413305
0.38553
0.397202
0.456424
0.470402
0.357391
0.456244
0.470515
0.472159
0.410095
0.480151
0.441912
0.442269
0.405973
0.449902
0.439275
0.41158
0.467687
0.45675
0.428648
0.437674
0.433763
0.421816
0.388777
0.369978
0.447922
0.436861
0.40333
0.423923
0.457678
0.365972
0.454495
0.438797
0.423999
0.449581
0.440643
0.396337
0.413861
0.37902
0.566619
0.386454
0.474141
0.400399
0.396669
0.481229
0.388069
0.390265
0.514188
0.436154
0.397633
0.430447
0.387269
0.491615
0.375211
0.410651
0.473791
0.435999
0.385525
0.374046
0.445345
0.377977
0.390103
0.40237
0.388871
0.420801
0.43093
0.379376
0.377809
0.392364
0.477683
0.425429
0.56496
0.4732
0.429672
0.506594
0.409807
0.3914
0.445295
0.389055
0.401522
0.396884
0.495667
0.361919
0.432101
0.452825
0.427116
0.469928
0.424043
0.442889
0.406117
0.409958
0.433835
0.393193
0.434951
0.447707
0.460639
0.450599
0.442669
0.406653
0.439132
0.395614
0.3846
0.43706
0.364676
0.446838
0.433374
0.385497
0.406414
0.439017
0.38266
0.377843
0.364574
0.396372
0.470337
0.37809
0.4059
0.460082
0.428567
0.429322
0.441651
0.40276
0.375261
0.426306
0.495604
0.406717
0.389379
0.413444
0.478537
0.449579
0.424484
0.405242
0.473337
0.363173
0.400427
0.432939
0.467764
0.428413
0.440847
0.34874
0.433921
0.471137
0.479916
0.476855
0.426731
0.423251
0.376963
0.408621
0.412999
0.420281
0.433887
0.423905
0.389009
0.381704
0.476644
0.427566
0.426231
0.388824
0.441232
0.407949
0.417163
0.373021
0.435371
0.449974
0.489471
0.430896
0.477801
0.396331
0.422551
0.440591
0.35389
0.455763
0.448003
0.480331
0.372991
0.412993
0.457597
0.417834
0.427933
0.409147
0.374733
0.409953
0.337541
0.530193
0.477104
0.349965
0.416761
0.418037
0.377823
0.511286
0.419013
0.506995
0.389029
0.413035
0.424668
0.425817
0.436892
0.413353
0.492032
0.373629
0.324831
0.400183
0.411164
0.456659
0.464544
0.456881
0.390183
0.407656
0.45573
0.442773
0.443423
0.419662
0.346915
0.475163
0.44765
0.374176
0.36599
0.396983
0.519142
0.434
0.434111
0.4547
0.412403
0.453929
0.413126
0.495599
0.466448
0.371307
0.394996
0.444001
0.348815
0.481178
0.388248
0.397265
0.467102
0.489494
0.43489
0.45805
0.48434
0.473962
0.472888
0.41117
0.4497
0.45966
0.432036
0.385597
0.384295
0.48129
0.439175
0.450573
0.432031
0.481434
0.467159
0.472418
0.421156
0.392185
0.438702
0.404075
0.505559
0.407684
0.403346
0.428831
0.395214
0.448496
0.49688
0.449044
0.48387
0.478846
0.417436
0.438817
0.391713
0.499857
0.463653
0.383604
0.505958
0.462431
0.409015
0.394563
0.421118
0.476856
0.415832
0.432546
0.495701
0.491463
0.399565
0.367556
0.421509
0.464564
0.47068
0.425745
0.415842
0.368425
0.447748
0.388569
0.431873
0.431339
0.499764
0.48342
0.466343
0.401951
0.429458
0.476319
0.490867
0.416051
0.409019
0.504571
0.475819
0.419433
0.377801
0.52023
0.423487
0.425374
0.425585
0.479937
0.39906
0.424848
0.48297
0.477328
0.426041
0.44384
0.491675
0.515263
0.406931
0.449748
0.405686
0.423515
0.421831
0.53369
0.442147
0.480356
0.41893
0.417249
0.446266
0.451909
0.354545
0.44313
0.395624
0.395368
0.519099
0.393373
0.437757
0.400781
0.51705
0.43249
0.426188
0.428741
0.453132
0.397908
0.468386
0.410985
0.414992
0.471995
0.470568
0.413314
0.449287
0.424577
0.405841
0.480861
0.44868
0.414817
0.4234
0.4732
0.473694
0.437364
0.414904
0.407638
0.483155
0.369416
0.395696
0.489314
0.388452
0.392405
0.46543
0.363299
0.403635
0.357037
0.437944
0.445925
0.352635
0.403767
0.40994
0.415767
0.439344
0.475388
0.354335
0.41009
0.509993
0.377979
0.495568
0.428335
0.452729
0.44304
0.443916
0.55838
0.428303
0.403977
0.435918
0.326817
0.478638
0.388073
0.40953
0.411569
0.373072
0.415847
0.395153
0.445488
0.450368
0.433606
0.44469
0.436612
0.423195
0.403201
0.422196
0.390418
0.410267
0.487945
0.427501
0.417688
0.455674
0.418393
0.407395
0.40912
0.460953
0.454378
0.438194
0.431777
0.451443
0.434952
0.437658
0.445932
0.463171
0.400976
0.434519
0.401729
0.381318
0.435838
0.477605
0.392804
0.465587
0.456567
0.454172
0.38534
0.459462
0.443042
0.486681
0.416587
0.461334
0.462003
0.440143
0.384187
0.459915
0.410242
0.434569
0.34494
0.396816
0.408812
0.40203
0.432335
0.474638
0.425644
0.418822
0.434149
0.423306
0.38514
0.449197
0.40962
0.441729
0.424911
0.43697
0.427054
0.430739
0.414405
0.454856
0.459443
0.438648
0.389882
0.43698
0.496434
0.477591
0.428558
0.381748
0.431577
0.412963
0.39538
0.440315
0.40521
0.509521
0.417171
0.463521
0.425352
0.389067
0.354473
0.38439
0.428454
0.448991
0.417417
0.464779
0.381338
0.411809
0.440588
0.473651
0.414037
0.43484
0.460297
0.49334
0.436277
0.497928
0.452319
0.499772
0.407494
0.454986
0.361901
0.426256
0.418168
0.41927
0.426423
0.42126
0.487075
0.370675
0.548977
0.321722
0.485734
0.470033
0.443147
0.431635
0.444141
0.497209
0.411881
0.429684
0.462252
0.459808
0.426345
0.443671
0.48296
0.500054
0.40792
0.412035
0.422214
0.452305
0.421375
0.42322
0.43788
0.502424
0.390916
0.38836
0.503509
0.339689
0.376291
0.444889
0.41105
0.401767
0.496655
0.408737
0.434944
0.464593
0.428896
0.356099
0.38672
0.40707
0.504487
0.418574
0.445095
0.371374
0.47673
0.444088
0.529998
0.492629
0.361206
0.39617
0.467974
0.411753
0.490313
0.433807
0.418174
0.384038
0.407901
0.501729
0.404337
0.418828
0.410961
0.457349
0.376524
0.367545
0.437711
0.451536
0.506094
0.450415
0.478485
0.458113
0.447969
0.430643
0.430431
0.427194
0.451702
0.368999
0.4219
0.454472
0.387924
0.473419
0.469554
0.451497
0.439546
0.465147
0.443539
0.468179
0.41471
0.417324
0.354625
0.422148
0.474928
0.462883
0.429542
0.382752
0.460631
0.534448
0.386968
0.415562
0.370747
0.478574
0.451654
0.417158
0.40396
0.481171
0.430283
0.39109
0.447379
0.398444
0.440479
0.400274
0.460675
0.447824
0.411554
0.507024
0.452425
0.438122
0.416395
0.406648
0.426485
0.394293
0.337943
0.495731
0.377244
0.42412
0.423648
0.451624
0.456728
0.442702
0.43222
0.355285
0.402596
0.443561
0.398935
0.464364
0.456262
0.436446
0.458295
0.401749
0.420094
0.43922
0.440423
0.498292
0.389777
0.463489
0.442041
0.455766
0.47206
0.45446
0.412761
0.408874
0.389944
0.458748
0.420459
0.42572
0.416646
0.410139
0.402664
0.436736
0.402337
0.402798
0.412841
0.39181
0.477895
0.457743
0.39095
0.42171
0.420018
0.39408
0.500847
0.364259
0.463926
0.465369
0.465665
0.427396
0.471097
0.347967
0.411011
0.437542
0.429509
0.396279
0.433153
0.481349
0.383682
0.412519
0.443066
0.486723
0.391578
0.408713
0.439263
0.450439
0.391985
0.404019
0.464717
0.378417
0.485902
0.449043
0.36412
0.46247
0.440219
0.451082
0.441997
0.485807
0.43094
0.513527
0.420728
0.425328
0.434556
0.415737
0.462434
0.372542
0.425843
0.451278
0.490553
0.391095
0.410109
0.4474
0.466743
0.406013
0.413391
0.42466
0.484422
0.43879
0.4027
0.439643
0.383619
0.442039
0.415981
0.35396
0.440962
0.470443
0.498501
0.450326
0.407368
0.460302
0.441345
0.448348
0.414676
0.373455
0.51551
0.333671
0.418982
0.431631
0.436628
0.382486
0.435092
0.381354
0.465484
0.362334
0.49542
0.389747
0.332614
0.446859
0.367153
0.342928
0.397004
0.414057
0.378382
0.413008
0.436701
0.332183
0.470949
0.507108
0.402533
0.404709
0.38599
0.536392
0.446812
0.426902
0.421564
0.39263
0.377912
0.380718
0.419413
0.557989
0.432993
0.417183
0.346336
0.412407
0.496569
0.440387
0.461383
0.433193
0.398039
0.42403
0.380484
0.487095
0.472285
0.398857
0.426093
0.424826
0.445279
0.521177
0.448489
0.42589
0.467702
0.358795
0.43068
0.491167
0.478209
0.471308
0.416691
0.454298
0.491259
0.41836
0.494749
0.444588
0.420868
0.430158
0.455814
0.512144
0.423848
0.44705
0.460607
0.456459
0.387392
0.434694
0.457608
0.386586
0.442861
0.39855
0.457327
0.49243
0.430104
0.390288
0.459149
0.471283
0.40192
0.461118
0.471677
0.421721
0.407354
0.379328
0.459923
0.421816
0.414637
0.421774
0.425686
0.533331
0.384169
0.454406
0.558438
0.467705
0.466365
0.408769
0.480594
0.383992
0.406199
0.407534
0.508415
0.380948
0.492154
0.419204
0.482311
0.509109
0.429867
0.368812
0.43928
0.456716
0.510175
0.399538
0.398492
0.500477
0.419173
0.499736
0.371552
0.38429
0.437776
0.403594
0.417112
0.527538
0.480421
0.46769
0.385276
0.349855
0.370741
0.50136
0.449635
0.377564
0.449714
0.413531
0.412947
0.410073
0.513672
0.487203
0.506393
0.522459
0.419491
0.3503
0.46504
0.410946
0.402532
0.46039
0.406312
0.449667
0.385875
0.44531
0.398428
0.427116
0.436798
0.496601
0.529518
0.405095
0.439657
0.391309
0.446123
0.429209
0.391465
0.441242
0.431734
0.464973
0.448773
0.334856
0.44158
0.43901
0.407639
0.425374
0.529458
0.456961
0.435164
0.392186
0.424253
0.400155
0.459863
0.361413
0.482947
0.442999
0.386972
0.414943
0.483493
0.423709
0.399817
0.493204
0.52582
0.476821
0.403259
0.391503
0.483967
0.403815
0.434057
0.468881
0.399056
0.504989
0.399113
0.460797
0.420862
0.482466
0.425613
0.433904
0.424696
0.437261
0.491988
0.430516
0.429095
0.399272
0.407904
0.426395
0.413626
0.521512
0.417471
0.424585
0.418877
0.380881
0.462239
0.444483
0.411406
0.501502
0.451898
0.373231
0.458048
0.431069
0.339046
0.399934
0.41861
0.475075
0.421777
0.37174
0.39906
0.481709
0.421681
0.449749
0.438991
0.415292
0.450192
0.432817
0.41878
0.483341
0.449062
0.466417
0.426391
0.399099
0.407632
0.473018
0.445108
0.521836
0.366176
0.443002
0.347929
0.460362
0.458877
0.452505
0.414117
0.477215
0.42643
0.481422
0.454164
0.481363
0.408069
0.385209
0.406974
0.470958
0.36951
0.367568
0.454784
0.516299
0.390904
0.37658
0.413438
0.511405
0.411697
0.479535
0.379315
0.523405
0.434096
0.405026
0.435935
0.413243
0.41084
0.376062
0.428142
0.409829
0.440769
0.403229
0.408027
0.474234
0.519183
0.426701
0.485727
0.488866
0.476318
0.435941
0.411048
0.479173
0.431762
0.361252
0.425075
0.429382
0.447378
0.429104
0.489567
0.472907
0.398887
0.396928
0.402929
0.432551
0.428154
0.476533
0.347182
0.43172
0.406208
0.4887
0.381969
0.40701
0.439987
0.431262
0.458384
0.406475
0.446288
0.411192
0.45223
0.455503
0.410496
0.448089
0.360617
0.479372
0.388077
0.381373
0.438569
0.431235
0.369968
0.432266
0.408177
0.49872
0.456703
0.510851
0.54081
0.362134
0.452396
0.405671
0.443139
0.45953
0.363424
0.482236
0.397475
0.46076
0.427708
0.49777
0.491301
0.465145
0.434447
0.432261
0.401039
0.422751
0.482151
0.375193
0.415634
0.400107
0.413425
0.49529
0.516038
0.49377
0.401272
0.507828
0.423581
0.391551
0.351186
0.486818
0.417382
0.482797
0.439561
0.407047
0.45206
0.462744
0.45841
0.449848
0.412523
0.436573
0.362142
0.459297
0.530967
0.476045
0.420352
0.382653
0.411338
0.448006
0.469604
0.303205
0.440363
0.421675
0.48378
0.375115
0.38733
0.448226
0.484768
0.448386
0.445978
0.410757
0.501953
0.456019
0.435628
0.506499
0.425447
0.463377
0.435259
0.481924
0.425399
0.459024
0.436348
0.409962
0.39666
0.375779
0.424955
0.411449
0.508407
0.423
0.442899
0.416653
0.380463
0.354408
0.436102
0.414345
0.521119
0.475189
0.387265
0.432166
0.451232
0.515413
0.449737
0.455237
0.425174
0.387924
0.454299
0.378013
0.466955
0.392766
0.45961
0.482671
0.406509
0.482306
0.43681
0.462018
0.455797
0.442446
0.437196
0.443689
0.406681
0.474671
0.516053
0.466011
0.441455
0.46396
0.443416
0.469685
0.428777
0.441724
0.405526
0.38116
0.41941
0.43322
0.458215
0.41024
0.48123
0.447029
0.461254
0.408877
0.400129
0.412464
0.39952
0.43944
0.38859
0.421717
0.430308
0.473583
0.455247
0.490334
0.423976
0.378351
0.501922
0.498912
0.383791
0.399519
0.464956
0.402227
0.377897
0.434614
0.507133
0.468265
0.381605
0.421124
0.432949
0.43327
0.46023
0.426252
0.415021
0.393933
0.419563
0.380122
0.494573
0.430101
0.421654
0.492726
0.415276
0.489031
0.470027
0.496794
0.363133
0.460795
0.479519
0.441834
0.397122
0.414782
0.462852
0.435347
0.440775
0.421356
0.500232
0.457942
0.424604
0.41464
0.412866
0.446842
0.470927
0.481249
0.425544
0.420671
0.423912
0.433206
0.43425
0.424468
0.496484
0.442758
0.447408
0.46728
0.426528
0.426764
0.377181
0.452907
0.410699
0.369097
0.326776
0.467501
0.406436
0.481742
0.450993
0.335897
0.43962
0.44885
0.458158
0.413655
0.410611
0.423327
0.37211
0.466508
0.428267
0.434128
0.472594
0.517464
0.385455
0.473941
0.413418
0.472458
0.45424
0.378139
0.451139
0.398193
0.377358
0.388557
0.374314
0.464478
0.428481
0.466548
0.434667
0.370238
0.428507
0.437929
0.453564
0.380222
0.447357
0.391156
0.431011
0.387211
0.392853
0.421635
0.474447
0.35852
0.380207
0.421557
0.500021
0.484428
0.455908
0.475858
0.378461
0.467197
0.450837
0.464142
0.485397
0.387217
0.457594
0.399916
0.381975
0.464836
0.425118
0.448018
0.473057
0.442958
0.457252
0.520322
0.482574
0.461479
0.46553
0.39128
0.421895
0.472859
0.44577
0.408098
0.412427
0.447477
0.412813
0.441827
0.380962
0.427687
0.478338
0.397651
0.495296
0.437775
0.444066
0.501918
0.45835
0.378414
0.478989
0.42006
0.446021
0.410907
0.393134
0.436026
0.458933
0.456757
0.406103
0.331642
0.534726
0.380996
0.379957
0.449915
0.402247
0.451334
0.489743
0.398506
0.46451
0.476215
0.459421
0.432507
0.436495
0.460069
0.385195
0.368884
0.472428
0.421229
0.386818
0.40862
0.479682
0.459289
0.419823
0.419118
0.542731
0.428478
0.480668
0.454082
0.442548
0.417027
0.455692
0.48921
0.405013
0.378454
0.37289
0.425026
0.388458
0.376971
0.459304
0.449575
0.456657
0.422922
0.380849
0.465389
0.463053
0.410105
0.453901
0.368353
0.374947
0.388708
0.504335
0.413831
0.461655
0.368468
0.378264
0.464461
0.443529
0.465044
0.397659
0.434717
0.365957
0.375809
0.535657
0.437166
0.446884
0.471037
0.453472
0.365642
0.449014
0.424275
0.392485
0.439435
0.403448
0.46873
0.398778
0.431836
0.373723
0.476382
0.422412
0.480824
0.509371
0.388309
0.382267
0.459142
0.435816
0.424766
0.444254
0.350371
0.450426
0.55012
0.469063
0.376404
0.504303
0.466285
0.513615
0.496019
0.448643
0.444145
0.392601
0.421039
0.344647
0.440958
0.416351
0.380354
0.466531
0.436969
0.446224
0.421369
0.424305
0.470759
0.419147
0.457846
0.380476
0.374332
0.519336
0.372784
0.428533
0.390032
0.445991
0.425532
0.442124
0.480668
0.440502
0.418426
0.464913
0.419857
0.414571
0.41307
0.398776
0.420656
0.420194
0.367923
0.409451
0.47986
0.42987
0.408801
0.403978
0.378312
0.393882
0.377538
0.408763
0.403481
0.433272
0.420495
0.434428
0.401995
0.406047
0.352802
0.460833
0.594114
0.433765
0.540459
0.459787
0.406993
0.400482
0.393029
0.383191
0.440536
0.422714
0.411001
0.466799
0.471234
0.434922
0.476234
0.438895
0.402556
0.361788
0.454258
0.380815
0.490405
0.41179
0.440241
0.4155
0.476772
0.482389
0.406297
0.431705
0.423496
0.44262
0.448306
0.437881
0.437424
0.356963
0.400471
0.423449
0.457569
0.463761
0.420325
0.463191
0.46554
0.444183
0.450173
0.446397
0.460173
0.346838
0.355749
0.42277
0.51013
0.408153
0.390227
0.395963
0.386674
0.452759
0.388499
0.506984
0.475432
0.402666
0.44034
0.535382
0.396336
0.410725
0.42848
0.385046
0.411143
0.485003
0.390648
0.399126
0.462979
0.422164
0.424425
0.401241
0.463463
0.425015
0.368472
0.380024
0.459995
0.44938
0.439556
0.423324
0.392669
0.48842
0.403051
0.420031
0.413389
0.378709
0.392898
0.501742
0.52566
0.375369
0.401155
0.415565
0.461711
0.433831
0.399589
0.417282
0.445739
0.366178
0.401348
0.428054
0.428312
0.374555
0.472287
0.419365
0.427769
0.427207
0.4884
0.453951
0.37294
0.471251
0.477033
0.468204
0.415672
0.426623
0.422626
0.554474
0.399205
0.368677
0.486618
0.438892
0.464601
0.509994
0.425924
0.400583
0.474339
0.340534
0.392729
0.4203
0.481112
0.443408
0.477353
0.414705
0.382428
0.351634
0.437967
0.419088
0.438086
0.434388
0.386054
0.428058
0.468398
0.44656
0.446826
0.458511
0.40333
0.392854
0.411587
0.443654
0.444045
0.436311
0.421405
0.436271
0.435309
0.456308
0.416452
0.434744
0.436193
0.429728
0.474043
0.385318
0.389005
0.52391
0.43502
0.4388
0.45947
0.373712
0.455679
0.401153
0.506632
0.428215
0.371476
0.439146
0.434506
0.486198
0.443933
0.463081
0.495066
0.479153
0.457147
0.448454
0.413712
0.450422
0.383476
0.455449
0.462023
0.458901
0.413477
0.438434
0.423693
0.470007
0.328483
0.535037
0.429173
0.529775
0.476338
0.444182
0.444564
0.374128
0.456249
0.481897
0.380146
0.423251
0.371367
0.481719
0.532798
0.427819
0.37275
0.4136
0.395194
0.408842
0.428927
0.431973
0.386775
0.446192
0.391161
0.502743
0.429229
0.413558
0.450382
0.386646
0.452388
0.451672
0.392474
0.426938
0.434316
0.474355
0.469029
0.495555
0.439173
0.420177
0.43879
0.456703
0.440363
0.415259
0.390377
0.354405
0.400572
0.469861
0.423988
0.454145
0.439965
0.399666
0.448966
0.489898
0.358788
0.47034
0.31169
0.485791
0.448982
0.34104
0.448547
0.365872
0.439726
0.460337
0.511005
0.56586
0.42744
0.370536
0.390759
0.437404
0.417481
0.335205
0.49881
0.407237
0.501729
0.42176
0.348988
0.354273
0.550443
0.489907
0.358237
0.413949
0.421466
0.455731
0.427448
0.45334
0.406332
0.394233
0.472726
0.402708
0.424701
0.42633
0.409294
0.474531
0.504276
0.468629
0.410699
0.448948
0.455264
0.489374
0.457553
0.373516
0.452065
0.428644
0.439733
0.439578
0.453879
0.345816
0.428425
0.451324
0.467709
0.394605
0.431416
0.384418
0.493738
0.387318
0.358397
0.399887
0.43701
0.460475
0.397687
0.425954
0.397995
0.520735
0.483097
0.478194
0.480911
0.370238
0.48388
0.37137
0.384231
0.482367
0.44306
0.394946
0.53209
0.464465
0.39627
0.389901
0.464139
0.410941
0.525915
0.405968
0.5067
0.386693
0.480802
0.487786
0.421281
0.371682
0.430298
0.435438
0.390978
0.438542
0.477437
0.346592
0.389137
0.41642
0.486189
0.546034
0.46143
0.441559
0.391639
0.41714
0.471602
0.408569
0.412717
0.440086
0.406315
0.377583
0.41607
0.501837
0.405317
0.471096
0.378619
0.324844
0.527253
0.444119
0.43346
0.507128
0.353557
0.46529
0.468897
0.412172
0.339022
0.406713
0.449183
0.460246
0.454274
0.478762
0.403993
0.453752
0.437872
0.471749
0.406314
0.499279
0.377122
0.449769
0.456409
0.44073
0.48283
0.435099
0.4219
0.411703
0.351277
0.416404
0.447964
0.357408
0.500988
0.461464
0.468007
0.410307
0.393555
0.452112
0.474109
0.352699
0.434905
0.459624
0.426087
0.339324
0.431337
0.387942
0.460841
0.513229
0.414536
0.439964
0.39648
0.469846
0.391932
0.387275
0.542487
0.388318
0.415888
0.372978
0.407928
0.461496
0.413652
0.450704
0.448542
0.376905
0.398725
0.399061
0.416884
0.415483
0.406121
0.486167
0.402204
0.443078
0.41346
0.461198
0.40671
0.43251
0.389454
0.467028
0.409108
0.386387
0.405337
0.392119
0.382227
0.500849
0.408615
0.424037
0.458209
0.432074
0.425307
0.467955
0.4206
0.401462
0.432515
0.485541
0.456499
0.45863
0.437942
0.405974
0.431133
0.446486
0.588238
0.415506
0.426324
0.451128
0.41731
0.448889
0.400788
0.442994
0.376229
0.448568
0.387608
0.370748
0.442086
0.50669
0.479706
0.448281
0.380382
0.447838
0.415573
0.507983
0.430632
0.33381
0.45015
0.461433
0.396108
0.455301
0.402275
0.46783
0.452051
0.437426
0.40798
0.465823
0.48258
0.459935
0.350924
0.392538
0.454601
0.491289
0.458586
0.423649
0.431921
0.40169
0.4689
0.492519
0.441373
0.446992
0.425547
0.438067
0.487723
0.425748
0.466574
0.433165
0.510132
0.414973
0.38779
0.36923
0.395249
0.410613
0.47999
0.436892
0.408997
0.438933
0.412586
0.441717
0.363189
0.480059
0.387314
0.487685
0.458345
0.410406
0.463911
0.405069
0.448437
0.48015
0.458157
0.423574
0.443711
0.438053
0.405141
0.45557
0.458216
0.423149
0.483194
0.3771
0.365893
0.424997
0.424375
0.42764
0.463418
0.440339
0.462873
0.441782
0.414838
0.497436
0.442504
0.468727
0.489547
0.441054
0.415763
0.476489
0.454393
0.473292
0.455232
0.417599
0.410551
0.453188
0.410392
0.423211
0.521134
0.399744
0.442636
0.389043
0.420264
0.515934
0.504081
0.432916
0.353267
0.502074
0.43155
0.446393
0.428487
0.503635
0.383975
0.456897
0.47908
0.393019
0.440704
0.481612
0.416847
0.470751
0.475433
0.476827
0.375194
0.430827
0.375798
0.363216
0.414781
0.568831
0.428544
0.4408
0.44258
0.385246
0.498628
0.355536
0.429704
0.533848
0.398601
0.466893
0.464133
0.443858
0.454365
0.437235
0.417032
0.356628
0.508422
0.531629
0.395681
0.436801
0.475753
0.450387
0.436816
0.412979
0.478445
0.410628
0.452878
0.48541
0.426135
0.42244
0.427371
0.4429
0.363428
0.432998
0.419042
0.389581
0.523995
0.43003
0.432021
0.376909
0.360511
0.417547
0.416084
0.436661
0.522585
0.423086
0.42662
0.397662
0.37545
0.557861
0.388377
0.460709
0.455762
0.425936
0.410187
0.36766
0.4675
0.410191
0.485724
0.408958
0.389058
0.442766
0.3868
0.470481
0.438606
0.369397
0.433353
0.428732
0.410346
0.417262
0.411195
0.40446
0.40886
0.501941
0.360035
0.421749
0.534225
0.442059
0.527798
0.435561
0.42818
0.404849
0.409051
0.396732
0.495011
0.480132
0.432004
0.48334
0.417491
0.429664
0.402758
0.460341
0.420068
0.490438
0.422146
0.444943
0.359135
0.420517
0.432727
0.432613
0.461911
0.375596
0.443568
0.420443
0.435
0.418796
0.459372
0.388051
0.356943
0.423784
0.458078
0.45529
0.434957
0.449411
0.423233
0.432981
0.408055
0.475126
0.35288
0.376517
0.40737
0.417797
0.464112
0.416597
0.474364
0.460248
0.474888
0.481292
0.45407
0.377323
0.47183
0.482078
0.44522
0.45823
0.478894
0.436921
0.457662
0.398683
0.567332
0.422154
0.435461
0.491412
0.437946
0.429982
0.426761
0.454346
0.420671
0.446368
0.437899
0.422925
0.447974
0.485378
0.584091
0.4315
0.520385
0.435446
0.520261
0.435377
0.401266
0.440542
0.377521
0.48034
0.40811
0.522853
0.446338
0.407456
0.435252
0.503194
0.455315
0.428476
0.571699
0.380911
0.358159
0.390295
0.47335
0.441307
0.480867
0.420196
0.473922
0.336468
0.368087
0.413287
0.4522
0.407883
0.384195
0.418024
0.420068
0.409177
0.501262
0.37737
0.43522
0.497547
0.46431
0.482867
0.414721
0.39078
0.430762
0.423256
0.407906
0.409581
0.42216
0.473678
0.370237
0.475421
0.402257
0.417534
0.473948
0.475461
0.464968
0.458349
0.382773
0.445118
0.44587
0.460311
0.455254
0.34992
0.406829
0.406249
0.41654
0.452611
0.378159
0.486063
0.333197
0.422689
0.44422
0.39221
0.514368
0.449664
0.44174
0.387942
0.405897
0.444592
0.34435
0.504319
0.450806
0.391305
0.486469
0.426573
0.380036
0.374654
0.440134
0.490435
0.445086
0.374123
0.424412
0.394875
0.417234
0.494039
0.455469
0.390292
0.418872
0.385756
0.444182
0.442341
0.477858
0.459415
0.415355
0.460532
0.446736
0.4457
0.394571
0.440133
0.386687
0.402065
0.480225
0.457929
0.473292
0.513388
0.476178
0.432989
0.468076
0.400335
0.383919
0.349335
0.523298
0.462583
0.397551
0.444452
0.388855
0.459541
0.417039
0.388847
0.46662
0.406642
0.459015
0.423344
0.407795
0.452098
0.469438
0.380374
0.474291
0.39171
0.396819
0.468927
0.353824
0.435398
0.530728
0.51106
0.388735
0.442547
0.446712
0.403578
0.526225
0.383699
0.399096
0.443129
0.490859
0.429158
0.41113
0.424319
0.53004
0.456266
0.446566
0.463156
0.428941
0.458238
0.429925
0.43651
0.399554
0.406887
0.394182
0.397366
0.402119
0.447128
0.374716
0.437872
0.408453
0.396363
0.417603
0.460737
0.477339
0.500996
0.415063
0.40693
0.430906
0.488819
0.408402
0.407655
0.369564
0.458489
0.433757
0.458843
0.449484
0.43412
0.422899
0.457793
0.490441
0.416281
0.422726
0.4205
0.449315
0.433773
0.46999
0.371076
0.504259
0.411465
0.499947
0.434683
0.418786
0.405325
0.480106
0.487526
0.360504
0.406593
0.439899
0.449656
0.441114
0.461797
0.451176
0.385909
0.44957
0.43017
0.470677
0.492638
0.445265
0.348536
0.376631
0.391444
0.468873
0.479931
0.44671
0.431707
0.491935
0.464113
0.392532
0.471567
0.474681
0.487846
0.371235
0.425325
0.403252
0.358344
0.45152
0.378245
0.510483
0.43086
0.455097
0.450208
0.454636
0.445459
0.419727
0.493051
0.416775
0.475782
0.492396
0.497613
0.358637
0.455673
0.441124
0.44625
0.402301
0.494397
0.394686
0.417856
0.427144
0.388962
0.445717
0.407352
0.457925
0.436952
0.499328
0.48239
0.444887
0.432512
0.438039
0.515699
0.39276
0.452905
0.456223
0.472252
0.39848
0.34391
0.444072
0.360242
0.406418
0.445955
0.484362
0.451937
0.498883
0.469449
0.457184
0.414153
0.400366
0.410295
0.494706
0.505334
0.470673
0.437854
0.382799
0.416363
0.412334
0.406511
0.412712
0.4331
0.436835
0.424935
0.433535
0.438272
0.445747
0.413141
0.423822
0.404025
0.42458
0.492654
0.431806
0.442421
0.415156
0.367815
0.416045
0.426173
0.48157
0.432003
0.461799
0.461286
0.462585
0.434308
0.360569
0.444204
0.474841
0.459035
0.449701
0.383413
0.403818
0.45045
0.451033
0.470101
0.382108
0.375373
0.396532
0.442812
0.472033
0.369998
0.434488
0.488486
0.463012
0.409166
0.373151
0.395418
0.442928
0.420434
0.392783
0.470506
0.383359
0.455203
0.396262
0.452002
0.42406
0.454367
0.438908
0.461706
0.419928
0.458947
0.397432
0.465611
0.483532
0.434954
0.390187
0.429408
0.441051
0.431457
0.384039
0.403899
0.549806
0.463042
0.382482
0.383795
0.45842
0.445104
0.403825
0.465436
0.473458
0.392879
0.473292
0.372265
0.440971
0.351279
0.388769
0.420895
0.394904
0.43093
0.425009
0.483608
0.409162
0.367931
0.429969
0.433869
0.481656
0.455424
0.451034
0.365936
0.507511
0.44032
0.418694
0.489491
0.358211
0.427655
0.619209
0.495524
0.436944
0.396271
0.426127
0.456396
0.495351
0.371528
0.400986
0.416419
0.491183
0.403971
0.439338
0.369601
0.523299
0.504377
0.444727
0.408044
0.466751
0.415905
0.479694
0.517839
0.434657
0.375769
0.456394
0.389045
0.449509
0.457473
0.393411
0.391439
0.459966
0.382447
0.458974
0.449502
0.381707
0.50016
0.416159
0.455379
0.393992
0.378929
0.463818
0.508532
0.387103
0.434735
0.443549
0.404951
0.448605
0.457101
0.453356
0.40296
0.446005
0.434245
0.456548
0.524563
0.375797
0.391125
0.36207
0.537623
0.425287
0.385383
0.524354
0.436222
0.401209
0.468329
0.490752
0.451036
0.501952
0.454693
0.458805
0.397604
0.366131
0.502247
0.383242
0.438736
0.4665
0.377162
0.396447
0.419611
0.370459
0.468511
0.558964
0.437608
0.497571
0.489433
0.54339
0.366303
0.401486
0.435395
0.536164
0.46571
0.42362
0.423821
0.384921
0.40515
0.450359
0.507018
0.538356
0.449328
0.358975
0.425357
0.446736
0.481355
0.431834
0.410886
0.433658
0.533967
0.424934
0.416414
0.418234
0.427589
0.486813
0.413281
0.377246
0.421239
0.383772
0.464947
0.371517
0.451451
0.465677
0.49733
0.417584
0.411175
0.415999
0.438558
0.51724
0.352673
0.465523
0.456771
0.453342
0.395854
0.393355
0.466987
0.413787
0.445922
0.466625
0.412101
0.390595
0.444373
0.468477
0.50859
0.354069
0.394019
0.466165
0.493136
0.393055
0.417159
0.445694
0.440139
0.418915
0.425804
0.364652
0.471923
0.386663
0.413747
0.377679
0.423828
0.43207
0.51458
0.454724
0.479623
0.468799
0.424866
0.403299
0.393909
0.379246
0.404854
0.489623
0.345772
0.564739
0.471602
0.445777
0.430645
0.463546
0.394611
0.451692
0.451688
0.490745
0.481746
0.48154
0.474234
0.441246
0.426216
0.431751
0.464694
0.43574
0.383793
0.437085
0.475091
0.421835
0.459781
0.40034
0.390449
0.441732
0.388033
0.600445
0.414423
0.490279
0.460377
0.442627
0.484736
0.42208
0.404709
0.468867
0.396816
0.508413
0.381105
0.45715
0.398582
0.458124
0.434017
0.418056
0.479941
0.450557
0.43249
0.430657
0.409819
0.390705
0.521368
0.407014
0.425827
0.370423
0.473853
0.432401
0.408884
0.400049
0.446744
0.435472
0.443733
0.442423
0.456264
0.38474
0.465586
0.481735
0.448195
0.395455
0.438992
0.381359
0.423728
0.446487
0.510708
0.345388
0.441519
0.347251
0.409732
0.466359
0.394151
0.405733
0.455486
0.395588
0.455167
0.392403
0.452163
0.361028
0.416582
0.430601
0.411754
0.375091
0.41237
0.557614
0.408233
0.396637
0.430055
0.461402
0.431394
0.406648
0.350977
0.444786
0.436826
0.408741
0.46366
0.444498
0.473605
0.422624
0.456223
0.441512
0.456411
0.394935
0.438696
0.380674
0.377613
0.4145
0.404352
0.473045
0.412712
0.395449
0.413161
0.373814
0.469302
0.47153
0.420709
0.446332
0.444848
0.439948
0.451644
0.468495
0.444458
0.45373
0.374501
0.37651
0.405685
0.394467
0.460085
0.381409
0.434095
0.346002
0.431446
0.533743
0.475157
0.350625
0.411185
0.451895
0.37556
0.47895
0.477951
0.50587
0.42229
0.435573
0.472748
0.423156
0.408893
0.454798
0.39623
0.401915
0.435662
0.463741
0.473089
0.454245
0.470467
0.480059
0.471614
0.366482
0.397762
0.447226
0.412067
0.457174
0.457752
0.505199
0.529676
0.42854
0.458929
0.382064
0.389351
0.439878
0.552608
0.452724
0.432915
0.448728
0.401891
0.450529
0.450283
0.388705
0.474299
0.4665
0.328085
0.400598
0.410613
0.450996
0.495666
0.451492
0.422303
0.388321
0.435675
0.447888
0.40287
0.411542
0.388505
0.440527
0.46155
0.358423
0.465154
0.41921
0.423686
0.44367
0.447994
0.419877
0.384992
0.452488
0.43638
0.522205
0.417781
0.498701
0.418477
0.468392
0.386101
0.466695
0.427913
0.401806
0.451493
0.472414
0.453063
0.404513
0.447468
0.418616
0.453189
0.489401
0.488545
0.456434
0.454456
0.408575
0.387322
0.439489
0.450089
0.42631
0.512557
0.358142
0.443586
0.434826
0.471684
0.431481
0.41918
0.402465
0.448883
0.486234
0.424736
0.378493
0.417799
0.438824
0.441801
0.47681
0.405825
0.389833
0.445312
0.382171
0.42428
0.399497
0.452819
0.367077
0.469358
0.37387
0.439045
0.474219
0.393849
0.42661
0.475622
0.412568
0.380099
0.447781
0.456247
0.432779
0.387705
0.394512
0.426407
0.411957
0.488785
0.480453
0.379212
0.429993
0.462301
0.475786
0.521606
0.474832
0.441127
0.383176
0.416357
0.469299
0.467008
0.395717
0.425185
0.363629
0.464401
0.368687
0.413932
0.414442
0.389734
0.498016
0.476768
0.398471
0.491873
0.470699
0.506771
0.415229
0.435986
0.479548
0.487681
0.442489
0.400934
0.364854
0.393698
0.463904
0.408089
0.361456
0.422611
0.462244
0.45521
0.408228
0.364294
0.45878
0.312837
0.395488
0.430431
0.43996
0.479803
0.496244
0.410669
0.382021
0.5145
0.442286
0.416289
0.451373
0.447225
0.421958
0.387088
0.398764
0.367452
0.510297
0.490396
0.39599
0.487549
0.451562
0.433759
0.456016
0.462899
0.424877
0.446939
0.411309
0.411961
0.409775
0.363644
0.474561
0.397164
0.407252
0.432236
0.443411
0.389729
0.408311
0.431866
0.441063
0.445983
0.316166
0.439957
0.508429
0.370318
0.435265
0.416792
0.403518
0.381308
0.383289
0.435149
0.450366
0.373649
0.417713
0.424549
0.454158
0.400631
0.481472
0.493904
0.390014
0.425413
0.409813
0.569294
0.337963
0.476922
0.452102
0.376394
0.459878
0.517082
0.438197
0.421675
0.387607
0.361194
0.455601
0.43364
0.448808
0.537597
0.389555
0.373721
0.465422
0.4146
0.394653
0.342992
0.361631
0.475282
0.44914
0.41902
0.407455
0.464716
0.494913
0.456827
0.462383
0.440707
0.47423
0.369771
0.423045
0.423402
0.38887
0.439928
0.463117
0.43476
0.448941
0.415994
0.464951
0.415074
0.465407
0.496693
0.522158
0.469143
0.512709
0.447417
0.483518
0.489698
0.413412
0.485407
0.461613
0.472838
0.490446
0.46429
0.485837
0.47452
0.437019
0.437305
0.408995
0.409366
0.51486
0.391136
0.455843
0.419115
0.452155
0.499921
0.426869
0.439529
0.441133
0.387361
0.378187
0.424218
0.411002
0.354892
0.452269
0.417186
0.500041
0.4756
0.44669
0.440028
0.400456
0.386755
0.465768
0.431603
0.399916
0.392779
0.436551
0.434838
0.411507
0.452525
0.39401
0.453598
0.433811
0.347598
0.385809
0.407887
0.450329
0.360984
0.403553
0.45703
0.453355
0.456143
0.447406
0.419641
0.398962
0.472461
0.393997
0.5596
0.368489
0.402289
0.374925
0.473262
0.472144
0.511805
0.47402
0.495962
0.465119
0.446445
0.497683
0.442891
0.439015
0.38659
0.421971
0.434108
0.411207
0.441817
0.488835
0.416333
0.464166
0.415045
0.440318
0.405669
0.454486
0.396054
0.437271
0.38621
0.390753
0.370856
0.38421
0.473762
0.427215
0.410068
0.424032
0.385524
0.37338
0.476861
0.391469
0.390373
0.41706
0.441603
0.434396
0.358688
0.502561
0.336043
0.446557
0.382801
0.47815
0.4283
0.393391
0.388318
0.429899
0.464204
0.416421
0.476651
0.421764
0.431213
0.436935
0.429806
0.496202
0.441764
0.467959
0.4894
0.39486
0.397253
0.424141
0.456683
0.429589
0.460306
0.384901
0.500455
0.443419
0.497555
0.423411
0.378021
0.404656
0.430479
0.477422
0.424922
0.422379
0.459932
0.418697
0.39294
0.442217
0.563252
0.4229
0.394407
0.42984
0.417273
0.522038
0.390487
0.377775
0.461154
0.487875
0.416432
0.437632
0.393931
0.393637
0.482728
0.427521
0.475814
0.469204
0.380184
0.477927
0.368766
0.41365
0.362018
0.449403
0.497544
0.469859
0.421348
0.405819
0.43192
0.499967
0.478326
0.36836
0.412455
0.435809
0.404361
0.413905
0.414912
0.369395
0.386043
0.358477
0.3623
0.402345
0.34522
0.339626
0.376748
0.41492
0.401366
0.459367
0.438344
0.400222
0.362257
0.363945
0.412971
0.436469
0.418992
0.48292
0.405067
0.369904
0.492286
0.446587
0.377103
0.420365
0.476865
0.400118
0.414375
0.466139
0.43639
0.357288
0.475997
0.472419
0.42336
0.517924
0.453707
0.443684
0.413905
0.426165
0.42331
0.356363
0.426255
0.405086
0.530624
0.403989
0.478602
0.485095
0.428638
0.412619
0.43985
0.471346
0.437547
0.499432
0.369149
0.506675
0.47505
0.485649
0.488522
0.361508
0.410773
0.409211
0.418648
0.404136
0.418164
0.430404
0.435977
0.492822
0.451372
0.40174
0.419275
0.469877
0.435781
0.418563
0.421391
0.450198
0.452928
0.444425
0.423726
0.441751
0.362415
0.469617
0.459264
0.431216
0.464168
0.423893
0.369785
0.466524
0.465159
0.357541
0.434079
0.369817
0.464415
0.395004
0.490123
0.468289
0.516597
0.400526
0.41161
0.446153
0.368805
0.358907
0.504829
0.452205
0.482089
0.520867
0.48592
0.469759
0.388119
0.423029
0.383888
0.507622
0.462883
0.36312
0.494474
0.426277
0.415554
0.419033
0.472755
0.419765
0.39131
0.525907
0.381092
0.347782
0.388635
0.455221
0.392027
0.408207
0.446109
0.426306
0.434304
0.442182
0.48851
0.402624
0.410019
0.366572
0.400357
0.387359
0.39747
0.386347
0.437913
0.448078
0.416639
0.383244
0.396236
0.485787
0.457908
0.523413
0.430082
0.431874
0.427811
0.450033
0.425901
0.421087
0.389726
0.420542
0.363753
0.481041
0.400422
0.476407
0.422628
0.435616
0.461873
0.389538
0.462831
0.437131
0.414007
0.460464
0.445311
0.472562
0.430025
0.507106
0.415613
0.396763
0.53576
0.382823
0.510039
0.38317
0.41166
0.393954
0.466899
0.44374
0.456057
0.462721
0.482188
0.401871
0.462161
0.443644
0.397424
0.384214
0.413514
0.44268
0.481364
0.424171
0.445042
0.417296
0.418031
0.424594
0.520199
0.420239
0.347176
0.437475
0.499078
0.403814
0.379271
0.393371
0.442802
0.460932
0.388512
0.42674
0.417873
0.416581
0.460903
0.430824
0.427307
0.461639
0.368936
0.424439
0.40983
0.466887
0.520313
0.418096
0.426413
0.482563
0.457763
0.365274
0.420648
0.450177
0.430667
0.414585
0.389091
0.3571
0.403863
0.413403
0.453926
0.3997
0.485728
0.369898
0.471174
0.444598
0.418756
0.39337
0.420906
0.428008
0.424578
0.398479
0.486319
0.402232
0.487332
0.479001
0.353584
0.506422
0.479954
0.400261
0.378616
0.407644
0.382768
0.37027
0.433567
0.384293
0.415385
0.42059
0.383851
0.367415
0.464666
0.456808
0.473631
0.427142
0.449351
0.403634
0.423537
0.458194
0.502211
0.41802
0.412937
0.430052
0.381166
0.50145
0.480053
0.404375
0.381487
0.437479
0.329668
0.414165
0.402249
0.427104
0.468309
0.352345
0.522917
0.40181
0.389981
0.360041
0.447833
0.454015
0.427087
0.438565
0.413966
0.500203
0.39871
0.496632
0.461108
0.421045
0.468739
0.478531
0.435572
0.408106
0.472016
0.459679
0.413737
0.426014
0.465594
0.434478
0.470368
0.438128
0.439143
0.483661
0.511559
0.407333
0.487694
0.42396
0.403578
0.353129
0.423186
0.413366
0.363271
0.416798
0.418585
0.449685
0.445059
0.430248
0.426503
0.44295
0.491822
0.524199
0.379175
0.468253
0.390371
0.400793
0.436824
0.456355
0.404925
0.435522
0.452372
0.394156
0.41908
0.426713
0.46364
0.418957
0.448453
0.421752
0.458892
0.453157
0.422069
0.418826
0.383377
0.421138
0.479231
0.370562
0.325204
0.373439
0.40671
0.472024
0.353712
0.464801
0.392783
0.435685
0.452649
0.43685
0.48589
0.478913
0.467609
0.406168
0.373114
0.411379
0.447854
0.381038
0.438325
0.493082
0.350693
0.38551
0.438198
0.378462
0.529155
0.392574
0.448166
0.498502
0.407755
0.40265
0.441516
0.369871
0.46315
0.374168
0.44277
0.477039
0.465805
0.476177
0.453737
0.463728
0.415546
0.432194
0.427891
0.543032
0.447253
0.45117
0.480181
0.42222
0.470517
0.438452
0.356572
0.437211
0.416002
0.455027
0.441782
0.399107
0.469546
0.392846
0.43998
0.42298
0.45452
0.389172
0.395012
0.494457
0.415849
0.419792
0.405909
0.417431
0.446576
0.35084
0.462871
0.552725
0.378437
0.386688
0.443883
0.398024
0.400572
0.397547
0.363018
0.455046
0.40494
0.422567
0.40826
0.426662
0.462266
0.390954
0.378944
0.424391
0.456428
0.386216
0.416726
0.404773
0.440437
0.387723
0.428787
0.503183
0.465503
0.425366
0.440663
0.476064
0.386243
0.412926
0.495821
0.368601
0.451002
0.399767
0.502618
0.396654
0.475289
0.448279
0.386551
0.494662
0.397317
0.458762
0.415249
0.423712
0.424902
0.432718
0.388973
0.459782
0.505342
0.468447
0.346202
0.450162
0.457974
0.442013
0.433117
0.503832
0.381792
0.468774
0.423387
0.39954
0.421909
0.45422
0.427821
0.457746
0.411939
0.432418
0.429647
0.399328
0.38522
0.462827
0.349379
0.463505
0.427354
0.503251
0.363281
0.404041
0.445958
0.499472
0.458862
0.476651
0.475729
0.457665
0.467661
0.378717
0.443003
0.41922
0.382196
0.458379
0.512317
0.441525
0.445512
0.387208
0.393681
0.441465
0.510971
0.421045
0.38172
0.422956
0.368356
0.448902
0.460073
0.414434
0.48275
0.375038
0.520566
0.426551
0.455791
0.502154
0.400201
0.427289
0.451437
0.470538
0.387378
0.466278
0.458519
0.401017
0.392082
0.449588
0.494618
0.51684
0.469513
0.447376
0.478189
0.424276
0.466145
0.353116
0.492569
0.402942
0.451352
0.374174
0.422916
0.420705
0.438544
0.449505
0.446219
0.397068
0.49527
0.34803
0.413067
0.414731
0.478927
0.451695
0.436912
0.38514
0.412329
0.513635
0.484137
0.433749
0.453348
0.479419
0.441193
0.429589
0.382848
0.424919
0.445051
0.443687
0.414217
0.415129
0.394079
0.434521
0.46087
0.364917
0.401378
0.497208
0.415914
0.489898
0.439382
0.404675
0.421525
0.421196
0.401752
0.502009
0.42
0.455246
0.394822
0.462401
0.471819
0.461952
0.411097
0.495221
0.38166
0.466236
0.447508
0.43804
0.41339
0.44912
0.449809
0.50804
0.379818
0.526783
0.348826
0.416887
0.420449
0.491114
0.421943
0.47066
0.403976
0.41757
0.46361
0.41238
0.490775
0.45677
0.403599
0.461489
0.431221
0.377506
0.429423
0.484792
0.501391
0.418861
0.358877
0.386513
0.384381
0.471499
0.409378
0.418465
0.413893
0.387765
0.482835
0.544711
0.486632
0.394202
0.396397
0.474322
0.43294
0.442183
0.45822
0.38093
0.456337
0.437078
0.448121
0.505533
0.394566
0.492293
0.500751
0.478961
0.403631
0.472357
0.375252
0.394544
0.409902
0.425449
0.453514
0.431202
0.398186
0.438455
0.414503
0.478745
0.417377
0.471682
0.364243
0.429507
0.44201
0.455018
0.459051
0.385362
0.345203
0.453121
0.523413
0.457725
0.394653
0.392939
0.434979
0.427908
0.52831
0.425049
0.447773
0.425149
0.442488
0.423366
0.38515
0.47908
0.457889
0.449212
0.512829
0.427829
0.403965
0.482116
0.397334
0.420279
0.501231
0.458612
0.423007
0.425464
0.425376
0.398185
0.432086
0.401325
0.396937
0.454605
0.457871
0.51955
0.383228
0.398105
0.548928
0.409202
0.402759
0.398758
0.425444
0.466498
0.392084
0.444623
0.436928
0.480562
0.488192
0.425622
0.474981
0.422025
0.487418
0.411463
0.345333
0.461328
0.403247
0.485977
0.477767
0.533141
0.426591
0.446191
0.444756
0.446076
0.438419
0.451912
0.437789
0.397464
0.481889
0.428811
0.488429
0.386787
0.465994
0.468862
0.410124
0.466403
0.404221
0.456608
0.443339
0.453717
0.477448
0.395336
0.380053
0.344893
0.439329
0.424941
0.422672
0.366973
0.425645
0.495301
0.41232
0.472866
0.414407
0.397075
0.421392
0.482942
0.430657
0.477797
0.429865
0.498924
0.419226
0.397802
0.467719
0.440577
0.35444
0.394439
0.399737
0.51176
0.362384
0.417457
0.494046
0.417858
0.408672
0.435316
0.380825
0.467629
0.435828
0.456473
0.450464
0.347172
0.464404
0.410298
0.446022
0.449875
0.473424
0.448381
0.485654
0.442905
0.431666
0.36993
0.37475
0.370167
0.39102
0.359749
0.508548
0.411227
0.374031
0.451033
0.498872
0.399017
0.456338
0.416585
0.44131
0.365405
0.461641
0.414482
0.404133
0.379968
0.418669
0.400823
0.378612
0.451444
0.510908
0.442432
0.410472
0.436909
0.449099
0.452881
0.473137
0.384816
0.45251
0.38537
0.365512
0.41587
0.43893
0.441296
0.390992
0.482992
0.45924
0.542599
0.447376
0.440439
0.405194
0.418441
0.395261
0.423052
0.395178
0.47058
0.47094
0.401402
0.411255
0.453699
0.358801
0.454349
0.454509
0.412379
0.42629
0.384761
0.436475
0.42684
0.386444
0.470401
0.386787
0.396643
0.473417
0.40636
0.45759
0.383797
0.452763
0.362716
0.35797
0.543006
0.399486
0.437676
0.461965
0.456116
0.360083
0.383299
0.444229
0.453797
0.44291
0.42069
0.50219
0.393231
0.481256
0.480377
0.445731
0.407478
0.450894
0.41153
0.427148
0.444311
0.397869
0.446817
0.514227
0.445672
0.454848
0.400736
0.376807
0.48419
0.404184
0.476606
0.556583
0.404141
0.451753
0.440067
0.466023
0.446548
0.480552
0.364843
0.527304
0.420388
0.434845
0.484069
0.440397
0.556439
0.435824
0.441659
0.435795
0.406774
0.514501
0.474398
0.432304
0.468873
0.452367
0.432974
0.406456
0.507714
0.438799
0.483259
0.467585
0.465967
0.395992
0.356408
0.484348
0.49517
0.450213
0.501449
0.405495
0.40458
0.406474
0.40547
0.423087
0.433379
0.325701
0.433277
0.460254
0.438637
0.559206
0.47108
0.483615
0.489706
0.463605
0.439657
0.447493
0.412658
0.433332
0.488811
0.420016
0.459397
0.414709
0.422346
0.427023
0.42089
0.470782
0.437486
0.34045
0.414979
0.376429
0.530391
0.493741
0.369473
0.438215
0.387736
0.479874
0.483671
0.433687
0.455862
0.480089
0.425575
0.387731
0.374616
0.444853
0.473242
0.385101
0.483953
0.398658
0.411383
0.407387
0.486431
0.394161
0.363627
0.402626
0.4949
0.460918
0.450683
0.39014
0.515378
0.416315
0.381897
0.435313
0.48945
0.397584
0.442798
0.387881
0.48253
0.46363
0.538888
0.428832
0.470528
0.359984
0.420058
0.433813
0.467049
0.506211
0.400663
0.532244
0.450768
0.440814
0.412567
0.415722
0.387906
0.417301
0.369269
0.438757
0.512157
0.465276
0.463086
0.463149
0.404517
0.507138
0.421224
0.470351
0.436625
0.490874
0.418131
0.441871
0.407634
0.398046
0.429119
0.467674
0.405467
0.40357
0.430735
0.462272
0.41394
0.51565
0.468526
0.420341
0.366217
0.562428
0.477194
0.451127
0.362212
0.414959
0.43589
0.45053
0.485114
0.424904
0.478071
0.379513
0.469735
0.470048
0.429597
0.504776
0.414443
0.45636
0.407628
0.478726
0.41062
0.358744
0.431155
0.378254
0.466025
0.475488
0.40228
0.398724
0.486107
0.423469
0.366569
0.455945
0.417408
0.433586
0.398815
0.500393
0.385467
0.388619
0.425793
0.402492
0.430782
0.410776
0.413408
0.395228
0.427526
0.528584
0.406473
0.530237
0.39743
0.420345
0.402911
0.397684
0.38681
0.400739
0.468933
0.350676
0.463934
0.452273
0.435653
0.404632
0.39275
0.4985
0.466032
0.473449
0.358284
0.374189
0.346417
0.381734
0.431574
0.428005
0.425988
0.405786
0.376035
0.488243
0.456912
0.387744
0.369044
0.415531
0.427243
0.47372
0.407981
0.472158
0.404951
0.418132
0.431074
0.397788
0.400216
0.478523
0.431362
0.460644
0.403418
0.386214
0.427353
0.405045
0.418384
0.434319
0.463898
0.467038
0.434474
0.455181
0.427172
0.461469
0.448633
0.393682
0.438971
0.331675
0.441049
0.443397
0.461397
0.528539
0.467114
0.426016
0.430358
0.408236
0.465957
0.505941
0.477062
0.347492
0.46679
0.411479
0.427826
0.426233
0.507922
0.432858
0.411911
0.448017
0.405219
0.459808
0.480554
0.396408
0.352271
0.451086
0.379869
0.447621
0.467437
0.424046
0.567501
0.403143
0.476658
0.43947
0.471503
0.387963
0.486007
0.420528
0.395622
0.393464
0.464907
0.454289
0.500852
0.434601
0.411703
0.418914
0.413509
0.433211
0.39557
0.416004
0.384431
0.484327
0.430076
0.43303
0.445499
0.449368
0.455693
0.376623
0.433983
0.402165
0.476211
0.425247
0.408322
0.462194
0.495288
0.467849
0.38043
0.524655
0.377356
0.435603
0.408441
0.447827
0.381917
0.427242
0.481589
0.428571
0.355946
0.37934
0.435588
0.428884
0.433985
0.427051
0.459644
0.489663
0.384302
0.415208
0.351189
0.415308
0.42715
0.41465
0.464628
0.4639
0.447111
0.527858
0.454725
0.450055
0.437962
0.489241
0.455088
0.369089
0.406871
0.363388
0.487696
0.424002
0.401514
0.366842
0.46458
0.427148
0.527074
0.415024
0.482674
0.384508
0.486537
0.403183
0.500433
0.395363
0.455472
0.368476
0.449443
0.475104
0.376448
0.486551
0.435562
0.542147
0.487002
0.402689
0.428836
0.518812
0.387066
0.511886
0.418426
0.440736
0.452428
0.441227
0.402015
0.370083
0.443404
0.511159
0.372016
0.429286
0.497019
0.379671
0.521416
0.467296
0.44174
0.387001
0.41318
0.387045
0.514169
0.481005
0.472021
0.403723
0.515832
0.518961
0.378941
0.43339
0.376747
0.464989
0.389062
0.463842
0.380632
0.435658
0.457298
0.461158
0.406893
0.45627
0.460871
0.370553
0.42401
0.385846
0.429519
0.425345
0.443119
0.409023
0.421355
0.382866
0.387128
0.479257
0.477919
0.469452
0.378612
0.498651
0.405293
0.464088
0.393942
0.456025
0.45044
0.431799
0.51717
0.383083
0.450585
0.444823
0.447144
0.470811
0.386994
0.427175
0.453288
0.508467
0.302859
0.414178
0.432919
0.415602
0.507399
0.341004
0.474293
0.435783
0.443775
0.405777
0.375423
0.419321
0.500835
0.430538
0.457215
0.451136
0.469247
0.488558
0.394072
0.435968
0.417381
0.346851
0.46345
0.446165
0.428827
0.399087
0.463576
0.467551
0.340868
0.40734
0.376291
0.420723
0.408335
0.413561
0.479967
0.425319
0.414798
0.411105
0.372727
0.40868
0.422233
0.441119
0.483166
0.470361
0.457863
0.470856
0.450613
0.418229
0.430181
0.436795
0.436892
0.422806
0.422019
0.472295
0.481093
0.514356
0.431747
0.44742
0.511184
0.443711
0.542115
0.494287
0.360192
0.401521
0.460464
0.416365
0.619671
0.41227
0.438973
0.42737
0.504428
0.39012
0.467925
0.504579
0.46197
0.423944
0.434344
0.473349
0.418946
0.381423
0.437239
0.440807
0.39031
0.425218
0.480592
0.528938
0.463159
0.448826
0.374993
0.413863
0.503076
0.427311
0.462634
0.424779
0.482136
0.416333
0.427746
0.451766
0.432586
0.453013
0.411318
0.352703
0.436908
0.440014
0.381171
0.340091
0.433613
0.475151
0.419755
0.480978
0.444141
0.451757
0.44922
0.418363
0.429674
0.461326
0.395634
0.394765
0.400897
0.357872
0.41874
0.473012
0.401301
0.423924
0.428629
0.461063
0.516157
0.404252
0.497259
0.462049
0.44231
0.469415
0.477405
0.382636
0.417097
0.477338
0.425968
0.430484
0.409546
0.420766
0.438605
0.521988
0.414261
0.382706
0.434416
0.46887
0.400065
0.492771
0.399555
0.318235
0.42467
0.437209
0.449105
0.512924
0.414621
0.430598
0.436424
0.450099
0.485828
0.42618
0.429743
0.410045
0.419898
0.440408
0.433018
0.410021
0.434958
0.445994
0.449753
0.448566
0.402166
0.384732
0.486048
0.49377
0.442075
0.394466
0.363111
0.423745
0.369395
0.379687
0.467752
0.313619
0.424158
0.432637
0.401659
0.430181
0.381563
0.475876
0.343057
0.443362
0.445106
0.446509
0.499367
0.366336
0.381473
0.435952
0.429326
0.479659
0.399209
0.423076
0.536339
0.430439
0.439738
0.476545
0.374024
0.471493
0.452797
0.471964
0.388182
0.360771
0.374795
0.51909
0.484253
0.448877
0.512158
0.402662
0.450044
0.350079
0.40228
0.411452
0.443909
0.418447
0.459422
0.387547
0.533223
0.38162
0.491031
0.497588
0.467441
0.392842
0.466241
0.501793
0.426906
0.47879
0.44188
0.423717
0.464387
0.502773
0.446983
0.43518
0.451202
0.487092
0.383232
0.388205
0.367995
0.402331
0.452257
0.396641
0.401707
0.437057
0.399306
0.464217
0.398615
0.359519
0.405839
0.386523
0.35438
0.420491
0.435475
0.385259
0.355484
0.472266
0.395287
0.510253
0.436254
0.446284
0.475761
0.480947
0.362668
0.503891
0.438369
0.45792
0.487064
0.399515
0.474577
0.43387
0.361411
0.402754
0.466418
0.429341
0.408887
0.456437
0.443597
0.41063
0.401982
0.437239
0.44808
0.403514
0.426772
0.464613
0.391956
0.398375
0.437769
0.472898
0.375477
0.327375
0.40711
0.34314
0.46836
0.397998
0.39843
0.463803
0.470837
0.483863
0.477415
0.399277
0.535894
0.405399
0.419031
0.453079
0.466335
0.317305
0.487513
0.48961
0.395592
0.412901
0.458379
0.369146
0.461216
0.440573
0.418458
0.559392
0.416635
0.498077
0.344306
0.431843
0.384535
0.434867
0.424671
0.40944
0.478959
0.44041
0.453747
0.444743
0.383399
0.457241
0.448379
0.415283
0.399372
0.404978
0.372172
0.494436
0.391974
0.487238
0.349863
0.403875
0.459748
0.483611
0.383539
0.480438
0.37298
0.450152
0.404533
0.452877
0.506964
0.374609
0.387284
0.39554
0.410927
0.470423
0.443198
0.391659
0.423079
0.502365
0.461918
0.431321
0.404371
0.477288
0.446187
0.441315
0.461001
0.503675
0.447748
0.407476
0.39217
0.402454
0.442326
0.459975
0.478771
0.484889
0.499422
0.459063
0.481351
0.430049
0.48353
0.408817
0.389583
0.482511
0.368877
0.409143
0.367775
0.337813
0.400735
0.46188
0.394167
0.41695
0.391691
0.484933
0.449999
0.292832
0.462037
0.357462
0.411287
0.488859
0.404522
0.448399
0.346496
0.431551
0.409347
0.431096
0.402778
0.457794
0.393071
0.436049
0.417818
0.439859
0.462172
0.413367
0.434297
0.386565
0.440756
0.426145
0.448393
0.424216
0.408176
0.348052
0.434854
0.46937
0.424081
0.380426
0.457531
0.458276
0.369392
0.389289
0.4961
0.513054
0.420374
0.430347
0.460276
0.498993
0.477348
0.477201
0.430349
0.408632
0.502643
0.434397
0.435693
0.478457
0.430264
0.486817
0.440499
0.337625
0.435671
0.390061
0.438058
0.413085
0.389087
0.498955
0.494075
0.359918
0.452592
0.434607
0.412482
0.433411
0.422238
0.44485
0.443766
0.429377
0.334625
0.50167
0.397048
0.507985
0.401058
0.400692
0.475222
0.42346
0.451952
0.485777
0.395161
0.385717
0.519474
0.442138
0.425139
0.362249
0.382333
0.449641
0.515775
0.470929
0.473365
0.448843
0.465888
0.433335
0.445921
0.432928
0.361022
0.397058
0.36655
0.466532
0.473149
0.464777
0.396387
0.409826
0.500422
0.451234
0.456844
0.440362
0.433677
0.406841
0.420518
0.464388
0.470437
0.416196
0.418635
0.462291
0.432785
0.372333
0.405165
0.550426
0.416897
0.420899
0.381924
0.387155
0.442263
0.367318
0.483609
0.487279
0.46914
0.432346
0.439098
0.463577
0.456974
0.436744
0.440434
0.370083
0.439714
0.456437
0.429962
0.412984
0.400549
0.390437
0.415404
0.463869
0.426501
0.414076
0.400776
0.374861
0.419267
0.474228
0.425863
0.363219
0.363725
0.395676
0.507118
0.403463
0.446302
0.373393
0.471826
0.39525
0.428464
0.443243
0.455547
0.438167
0.370055
0.429059
0.470743
0.374572
0.375669
0.46872
0.432764
0.531807
0.414999
0.409346
0.44032
0.387246
0.499692
0.427097
0.43274
0.411342
0.435927
0.428404
0.474681
0.537526
0.511243
0.447542
0.46881
0.358909
0.481162
0.392901
0.34214
0.389391
0.373913
0.415951
0.415977
0.419266
0.443602
0.438783
0.449813
0.388489
0.414992
0.419771
0.434417
0.464977
0.444637
0.383692
0.39442
0.432464
0.412037
0.48128
0.39415
0.43428
0.435494
0.332213
0.453757
0.482723
0.476676
0.479941
0.476203
0.421001
0.407757
0.440231
0.423346
0.388772
0.472921
0.397612
0.377018
0.463761
0.438319
0.48672
0.359345
0.385623
0.451509
0.404131
0.398298
0.382407
0.425185
0.454528
0.43609
0.492056
0.416286
0.372983
0.527356
0.468238
0.438321
0.400358
0.398577
0.501715
0.395711
0.384384
0.398604
0.453133
0.420122
0.396855
0.498954
0.532556
0.454564
0.43808
0.389964
0.41267
0.439634
0.421031
0.407222
0.338997
0.581426
0.460267
0.392342
0.407637
0.443644
0.44389
0.495885
0.368019
0.407306
0.417309
0.447019
0.418443
0.434328
0.568585
0.433492
0.410867
0.429102
0.427234
0.443
0.384848
0.467375
0.43499
0.414131
0.381366
0.383992
0.452065
0.483857
0.395535
0.44871
0.375352
0.419505
0.416008
0.433179
0.530261
0.378623
0.473321
0.417841
0.412572
0.387868
0.503157
0.451756
0.347761
0.444186
0.40515
0.474335
0.3995
0.379482
0.472505
0.442814
0.438032
0.4594
0.468562
0.370715
0.478771
0.440871
0.44989
0.453203
0.42529
0.363167
0.482965
0.395106
0.384257
0.461135
0.409166
0.499471
0.46417
0.453952
0.422489
0.438316
0.442235
0.530087
0.491845
0.391169
0.470908
0.476127
0.447411
0.46113
0.43299
0.387194
0.392897
0.516817
0.454265
0.423709
0.397144
0.503915
0.466739
0.395657
0.398278
0.444402
0.371481
0.390581
0.44835
0.420866
0.386812
0.441406
0.43351
0.505001
0.442011
0.453623
0.44607
0.396873
0.425293
0.454185
0.412907
0.304607
0.462224
0.466454
0.461348
0.452945
0.399395
0.433737
0.366127
0.406346
0.465609
0.432405
0.411951
0.406661
0.556779
0.509147
0.440664
0.365385
0.404936
0.42996
0.448258
0.407032
0.438926
0.438083
0.407923
0.415733
0.46178
0.49986
0.528136
0.429711
0.432848
0.386568
0.383876
0.407568
0.420275
0.415205
0.438625
0.385804
0.449018
0.432458
0.393623
0.428067
0.498256
0.454627
0.387588
0.376425
0.388929
0.467772
0.464643
0.49289
0.373884
0.545697
0.383378
0.44008
0.417952
0.457657
0.441485
0.457941
0.432035
0.463632
0.391912
0.446821
0.473074
0.425127
0.515358
0.404235
0.470011
0.395689
0.430232
0.429927
0.427829
0.433107
0.415549
0.431404
0.435401
0.416675
0.418423
0.374663
0.347294
0.39703
0.352422
0.369209
0.366562
0.445583
0.438785
0.3867
0.369371
0.423916
0.447831
0.427703
0.480657
0.427972
0.516514
0.475275
0.432187
0.454371
0.38984
0.395872
0.461746
0.49469
0.456131
0.422956
0.388725
0.415961
0.402908
0.415003
0.449267
0.388605
0.415783
0.39314
0.425026
0.424333
0.45109
0.491053
0.51068
0.487165
0.393542
0.405562
0.372979
0.447611
0.435828
0.41997
0.476825
0.4826
0.450223
0.383782
0.423144
0.489538
0.401359
0.4386
0.45051
0.415665
0.44017
0.518446
0.436837
0.483349
0.439315
0.444668
0.418267
0.435331
0.441349
0.406687
0.491594
0.535516
0.473128
0.490268
0.379057
0.390335
0.450577
0.48571
0.459357
0.465736
0.363207
0.41555
0.456861
0.438963
0.420758
0.461718
0.390484
0.465201
0.407841
0.371684
0.449026
0.384857
0.474685
0.416166
0.496428
0.398976
0.460604
0.52774
0.530787
0.395923
0.405482
0.425468
0.454092
0.462148
0.443394
0.562419
0.429961
0.456009
0.397802
0.475525
0.410073
0.46946
0.410717
0.412143
0.482361
0.407688
0.433884
0.403752
0.469757
0.44443
0.458034
0.421645
0.442494
0.415714
0.410841
0.446983
0.489915
0.479773
0.427011
0.426375
0.419016
0.427138
0.437899
0.390134
0.412013
0.406072
0.400124
0.406378
0.457134
0.393825
0.428244
0.480046
0.393314
0.464889
0.465282
0.437294
0.415136
0.404284
0.407551
0.528984
0.368633
0.439893
0.423679
0.374207
0.530522
0.438306
0.49339
0.456733
0.42107
0.396926
0.479682
0.372191
0.380134
0.440738
0.404251
0.396999
0.494058
0.50507
0.450158
0.436612
0.452209
0.406402
0.392421
0.430887
0.377703
0.401225
0.448064
0.400576
0.389779
0.452138
0.422652
0.388343
0.41551
0.411012
0.415323
0.44036
0.429289
0.457561
0.414608
0.487631
0.368733
0.457102
0.336551
0.394892
0.397075
0.431735
0.387882
0.420639
0.428731
0.351213
0.311386
0.395676
0.459582
0.410573
0.407544
0.463504
0.46526
0.420659
0.429007
0.443026
0.437297
0.384522
0.412629
0.453699
0.457015
0.403209
0.378867
0.410734
0.412029
0.417279
0.425533
0.453238
0.406782
0.416452
0.501042
0.388623
0.429838
0.490975
0.423687
0.437381
0.458646
0.386236
0.38144
0.413946
0.461555
0.415891
0.441128
0.507213
0.346897
0.417349
0.341966
0.434864
0.506352
0.42415
0.432987
0.485296
0.426944
0.460764
0.441027
0.429565
0.384721
0.409262
0.431186
0.403976
0.406761
0.360531
0.428717
0.489511
0.455581
0.428526
0.425696
0.448478
0.535816
0.447286
0.398374
0.407266
0.480317
0.403325
0.395124
0.4317
0.392235
0.447678
0.4648
0.493439
0.37791
0.426941
0.498457
0.465389
0.456012
0.425977
0.414554
0.413621
0.335609
0.438458
0.439279
0.484203
0.41061
0.4545
0.464961
0.341137
0.434159
0.417804
0.436165
0.507582
0.380142
0.48107
0.385171
0.455374
0.412392
0.401204
0.472951
0.441537
0.514396
0.400043
0.468732
0.5045
0.436128
0.438432
0.427872
0.437885
0.399251
0.463315
0.430154
0.452185
0.466381
0.442321
0.4135
0.430085
0.421438
0.446984
0.560676
0.435338
0.422
0.442133
0.45733
0.435645
0.432326
0.413854
0.539956
0.394376
0.433501
0.459573
0.467816
0.422063
0.505066
0.426311
0.452076
0.520935
0.492073
0.433869
0.428
0.512218
0.455028
0.499377
0.527482
0.39564
0.387148
0.457503
0.427457
0.496075
0.4276
0.435539
0.387113
0.344657
0.51315
0.449332
0.448919
0.450903
0.462117
0.455147
0.362817
0.362759
0.479282
0.428268
0.398517
0.427004
0.446633
0.497806
0.428645
0.508264
0.487591
0.4872
0.442458
0.364206
0.495345
0.400923
0.413956
0.487836
0.398687
0.408218
0.449459
0.414181
0.431342
0.3235
0.478838
0.442933
0.400502
0.405292
0.412109
0.465513
0.465723
0.369346
0.388273
0.393886
0.46805
0.406487
0.369612
0.428107
0.339825
0.466789
0.421813
0.512643
0.403362
0.423005
0.362747
0.430909
0.422826
0.377158
0.357165
0.462625
0.477893
0.464982
0.4299
0.431339
0.401816
0.345943
0.489339
0.444756
0.429123
0.428388
0.456499
0.336823
0.478852
0.437163
0.384478
0.394126
0.441723
0.34833
0.484352
0.416739
0.453883
0.420546
0.443519
0.494429
0.426851
0.433746
0.41746
0.442716
0.414053
0.365699
0.424766
0.505793
0.360153
0.392361
0.505892
0.389507
0.365609
0.458421
0.442237
0.408647
0.367913
0.384567
0.467982
0.465402
0.376841
0.470009
0.432078
0.357512
0.452073
0.419114
0.483121
0.402248
0.428291
0.410167
0.390839
0.438428
0.423816
0.407629
0.398079
0.447998
0.499554
0.433959
0.508122
0.428987
0.494767
0.381009
0.470787
0.464605
0.446599
0.456961
0.440273
0.393143
0.42614
0.412638
0.382335
0.390437
0.471992
0.467838
0.403059
0.42802
0.467277
0.408773
0.365408
0.417156
0.418335
0.488649
0.34979
0.437609
0.411301
0.374573
0.445298
0.434123
0.459674
0.403756
0.436304
0.4062
0.446095
0.429575
0.389144
0.423386
0.427229
0.403833
0.46865
0.426582
0.435733
0.446792
0.483024
0.467311
0.39003
0.433441
0.459299
0.431972
0.358664
0.424156
0.380749
0.426762
0.430471
0.413398
0.368362
0.351487
0.420912
0.463539
0.424039
0.457373
0.407693
0.450928
0.413482
0.354253
0.429217
0.469043
0.412132
0.354611
0.441764
0.387891
0.427726
0.406803
0.496994
0.503038
0.373432
0.444258
0.440082
0.408244
0.395782
0.379315
0.482443
0.442851
0.383264
0.331286
0.364224
0.499422
0.436361
0.407756
0.503266
0.471346
0.421622
0.455133
0.407126
0.414805
0.454779
0.47994
0.40432
0.527214
0.39686
0.365947
0.4038
0.39524
0.435016
0.366007
0.444944
0.413878
0.362822
0.459802
0.39221
0.355694
0.448895
0.482818
0.410086
0.460337
0.438494
0.455525
0.42815
0.41102
0.412507
0.396789
0.390025
0.40333
0.472773
0.391341
0.451902
0.424502
0.465602
0.418804
0.436421
0.437761
0.469582
0.443646
0.385659
0.446646
0.489037
0.533665
0.438408
0.439392
0.546868
0.381003
0.390491
0.395973
0.420937
0.481911
0.43215
0.405756
0.384998
0.432135
0.538428
0.452265
0.3446
0.354625
0.446778
0.348273
0.487498
0.438943
0.477097
0.454239
0.404152
0.506439
0.462999
0.412792
0.507845
0.393651
0.479008
0.386204
0.421657
0.459901
0.343306
0.458527
0.513998
0.436909
0.434173
0.368072
0.527233
0.416696
0.527408
0.41834
0.376687
0.417579
0.417869
0.403825
0.487892
0.445212
0.415934
0.451736
0.470098
0.448933
0.47259
0.433045
0.40902
0.515246
0.446192
0.47425
0.412914
0.47193
0.408286
0.40353
0.475041
0.415546
0.417222
0.492209
0.500712
0.402972
0.431318
0.484619
0.465405
0.43727
0.466703
0.437121
0.42106
0.381399
0.443462
0.40713
0.400937
0.361218
0.380042
0.396268
0.435278
0.438686
0.437302
0.415225
0.385754
0.382577
0.433171
0.445041
0.388577
0.444554
0.404663
0.453346
0.490843
0.416033
0.463969
0.508795
0.495021
0.560534
0.418508
0.396753
0.497442
0.313873
0.410309
0.426332
0.487292
0.404469
0.428949
0.48354
0.4091
0.3957
0.43024
0.408325
0.384027
0.386584
0.416451
0.402181
0.483305
0.411381
0.338401
0.423069
0.38669
0.488587
0.361913
0.448582
0.412744
0.43153
0.435707
0.472941
0.449085
0.536052
0.375477
0.444935
0.427829
0.360072
0.421784
0.440913
0.449175
0.458757
0.451649
0.522028
0.409075
0.471428
0.415555
0.453311
0.337182
0.494503
0.358829
0.357789
0.390238
0.452794
0.499451
0.370138
0.451506
0.415396
0.492864
0.461144
0.470542
0.419091
0.436347
0.482364
0.464563
0.422459
0.493357
0.42238
0.5216
0.49437
0.449048
0.411234
0.394145
0.458548
0.466707
0.419173
0.446573
0.391889
0.442428
0.46634
0.440079
0.452398
0.430101
0.424465
0.342985
0.437409
0.439686
0.3936
0.41545
0.44539
0.380145
0.439872
0.487508
0.416856
0.466097
0.430251
0.459264
0.459987
0.410266
0.528525
0.417074
0.453412
0.448058
0.419458
0.485806
0.488473
0.34666
0.554163
0.339265
0.386986
0.377166
0.40615
0.409377
0.378868
0.482474
0.298444
0.508539
0.508987
0.473315
0.489529
0.381856
0.433278
0.39252
0.445953
0.370232
0.401799
0.418034
0.438909
0.456889
0.467049
0.41525
0.430294
0.404713
0.402505
0.428969
0.444321
0.429789
0.383304
0.412935
0.366822
0.438324
0.457941
0.458342
0.437286
0.471712
0.416067
0.472938
0.385602
0.429768
0.452021
0.442897
0.415517
0.398998
0.46526
0.503607
0.423214
0.396662
0.454046
0.418825
0.430801
0.376052
0.475412
0.414484
0.487699
0.435504
0.441577
0.410533
0.421407
0.37504
0.398906
0.40198
0.356561
0.507615
0.446137
0.563759
0.390699
0.45794
0.446174
0.478573
0.436879
0.472136
0.43492
0.40101
0.442329
0.496506
0.378792
0.394117
0.438841
0.497643
0.554384
0.511154
0.422539
0.486806
0.433801
0.463523
0.429385
0.443128
0.437905
0.406982
0.415306
0.384787
0.34997
0.46226
0.403136
0.471318
0.401434
0.429921
0.41358
0.436635
0.500156
0.46544
0.465207
0.411761
0.426586
0.464194
0.39879
0.524895
0.422576
0.426961
0.47379
0.465306
0.346907
0.436045
0.506187
0.442475
0.416205
0.481057
0.462322
0.451027
0.395515
0.426456
0.39767
0.462976
0.360745
0.553145
0.383351
0.466194
0.372628
0.414811
0.485084
0.37808
0.541879
0.350173
0.430557
0.414593
0.40622
0.409873
0.384061
0.495747
0.41902
0.469077
0.430184
0.42904
0.447896
0.431755
0.432382
0.446716
0.444424
0.400484
0.38448
0.432259
0.440038
0.405245
0.534421
0.420064
0.472247
