0.505494
0.448523
0.387353
0.713515
0.330942
0.612485
0.611658
0.294135
0.322985
0.29001
0.360008
0.347133
0.47999
0.334426
0.533681
0.408835
0.666897
0.43078
0.444387
0.159269
0.243838
0.577131
0.9106
0.281615
0.332206
0.283204
0.720325
0.238576
0.722942
0.37228
0.449498
0.350994
0.413291
0.511942
0.349603
0.420079
0.391651
0.228588
0.365403
0.386375
0.312733
0.402959
0.336382
0.427668
0.361258
0.265266
0.259375
0.505647
0.286856
0.16205
0.304984
0.45351
0.37626
0.398967
0.397607
0.633309
0.524751
0.442119
0.22318
0.382728
0.292377
0.386976
0.526718
0.576667
0.487938
0.27835
0.546701
0.494615
0.346088
0.436259
0.59739
0.552124
0.527378
0.413372
0.368588
0.283571
0.368111
0.46408
0.559301
0.535281
0.275836
0.487714
0.502017
0.385635
0.333567
0.250977
0.323967
0.240283
0.343366
0.675052
0.341702
0.263411
0.572451
0.366464
0.446182
0.494888
0.546728
0.533775
0.371052
0.555911
0.420723
0.561448
0.260968
0.251076
0.330645
0.316471
0.622755
0.555549
0.663805
0.307651
0.438506
0.482974
0.194946
0.44596
0.589231
0.407593
0.244459
0.387496
0.384955
0.627232
0.375039
0.415452
0.478325
0.450398
0.355835
0.282838
0.733529
0.338927
0.498723
0.442912
0.224065
0.361188
0.26954
0.568148
0.413926
0.643796
0.299192
0.814659
0.280993
0.486359
0.380323
0.596919
0.572325
0.431472
0.319857
0.533743
0.300759
0.370414
0.361408
0.404121
0.509592
0.454706
0.541531
0.370375
0.434014
0.410971
0.210775
0.5682
0.388513
0.399467
0.405043
0.383719
0.5166
0.241603
0.565336
0.494987
0.367726
0.491896
0.373526
0.429976
0.371251
0.613812
0.744096
0.490622
0.374041
0.384685
0.437814
0.519733
0.562143
0.427206
0.453576
0.327741
0.763709
0.357671
0.40866
0.465102
0.528884
0.300788
0.33437
0.504395
0.401843
0.317376
0.286331
0.411182
0.307921
0.541468
0.370465
0.246315
0.603659
0.353864
0.425157
0.340721
0.297882
0.65438
0.290936
0.486593
0.26993
0.453791
0.137717
0.199499
0.76134
0.245742
0.625565
0.418906
0.237908
0.545923
0.701232
0.545646
0.564537
0.253844
0.513414
0.540124
0.562716
0.39363
0.933664
0.492515
0.414356
0.400823
0.385093
0.340416
0.339801
0.851558
0.514553
0.270162
0.345056
0.356545
0.325326
0.545736
0.590156
0.627379
0.317521
0.30681
0.231855
0.556374
0.485535
0.481904
0.541021
0.400329
0.573325
0.411826
0.295296
0.302473
0.29826
0.466926
0.393933
0.351836
0.565635
0.32047
0.41054
0.516854
0.347968
0.446716
0.41285
0.330445
0.402407
0.510213
0.515731
0.355037
0.461801
0.270443
0.444405
0.268086
0.505479
0.286481
0.463372
0.609745
0.277819
0.33893
0.528044
0.534749
0.244123
0.476901
0.253548
0.459563
0.295749
0.38482
0.673635
0.449132
0.298144
0.671561
0.309907
0.366834
0.682034
0.305795
0.423258
0.242519
0.280625
0.410309
0.359972
0.391234
0.89518
0.476139
0.50012
0.370219
0.336715
0.437239
0.654345
0.296267
0.408016
0.411077
0.240146
0.405399
0.601911
0.584453
0.244919
0.277493
0.614198
0.6257
0.54847
0.465499
0.599738
0.319077
0.474615
0.358381
0.344049
0.676215
0.387229
0.392516
0.543864
0.448616
0.653062
0.556232
0.388259
0.186756
0.297485
0.504498
0.56381
0.549322
0.575525
0.300388
0.302942
0.346406
0.335005
0.451248
0.57619
0.397977
0.51643
0.296992
0.49589
0.508326
0.860687
0.660514
0.314114
0.335232
0.320869
0.639214
0.498034
0.293428
0.508313
0.227419
0.438942
0.413148
0.424009
0.372068
0.305609
0.47041
0.41627
0.30161
0.388169
0.320192
0.402369
0.701823
0.41815
0.221254
0.604499
0.502661
0.336015
0.383077
0.627829
0.444426
0.439222
0.206522
0.255465
0.312841
0.49312
0.275312
0.301492
0.409161
0.522828
0.619044
0.210586
0.558542
0.526827
0.315101
0.409517
0.317266
0.288429
0.275128
0.594655
0.550142
0.635826
0.39611
0.431623
0.284549
0.400636
0.317702
0.371348
0.490771
0.234352
0.442796
0.354485
0.605432
0.542609
0.294893
0.344175
0.55837
0.268686
0.233189
0.478351
0.436017
0.672711
0.691059
0.42906
0.462453
0.266662
0.258155
0.533342
0.359348
0.474508
0.359024
0.401793
0.322549
0.648295
0.580041
0.320345
0.520804
0.205793
0.491232
0.649606
0.219922
0.527756
0.715629
0.485523
0.455352
0.578437
0.46579
0.374545
0.535617
0.345559
0.401625
0.413935
0.434044
0.48644
0.390748
0.605715
0.626176
0.3065
0.441667
0.718525
0.491869
0.69196
0.550679
0.582041
0.544374
0.564785
0.521367
0.515148
0.497334
0.555009
0.269701
0.360773
0.300093
0.458095
0.787664
0.280075
0.956338
0.459527
0.344781
0.772856
0.233468
0.626919
0.633695
0.493158
0.393902
0.567381
0.309078
0.411457
0.56677
0.287749
0.565312
0.554303
0.356141
0.651875
0.442543
0.42522
0.594683
0.39016
0.247162
0.419365
0.297608
0.315496
0.436342
0.435141
0.355207
0.224757
0.310758
0.347427
0.305734
0.460955
0.599573
0.347979
0.752475
0.341156
0.384217
0.694801
0.597595
0.460813
0.541786
0.293622
0.593223
0.564705
0.464652
0.49696
0.453164
0.592323
0.662908
0.448625
0.322561
0.502104
0.465143
0.44481
0.376184
0.259008
0.419733
0.418273
0.314118
0.241877
0.432598
0.462982
0.225979
0.474197
0.511946
0.33076
0.513947
0.584298
0.568606
0.296238
0.457555
0.439246
0.278992
0.274777
0.298268
0.426887
0.348484
0.568728
0.406138
0.412337
0.393177
0.40634
0.440284
0.568526
0.436936
0.366952
0.637282
0.466329
0.595534
0.573465
0.311758
0.598317
0.315993
0.518203
0.598176
0.527701
0.290848
0.314757
0.340175
0.501289
0.495212
0.406494
0.363448
0.306231
0.654224
0.382215
0.580649
0.318567
0.355029
0.28207
0.527321
0.686531
0.455487
0.396109
0.357556
0.363841
0.32756
0.370595
0.378321
0.233159
0.370967
0.270317
0.660383
0.587907
0.381505
0.268103
0.447872
0.300547
0.322513
0.462386
0.423775
0.482986
0.872068
0.663493
0.484214
0.427856
0.406506
0.46176
0.320174
0.633574
0.308573
0.40683
0.300315
0.288058
0.391726
0.254898
0.269941
0.430148
0.414325
0.47771
0.379878
0.367347
0.247597
0.494638
0.413333
0.331526
0.333997
0.438087
0.336412
0.472092
0.373947
0.190502
0.230595
0.666693
0.586937
0.473987
0.409931
0.328308
0.473453
0.611366
0.518937
0.473572
0.35096
0.433631
0.439196
0.469319
0.44603
0.525138
0.403095
0.363094
0.374029
0.195967
0.436329
0.415685
0.473773
0.421507
0.463847
0.370591
0.514569
0.51676
0.761607
0.323423
0.400333
0.395145
0.280822
0.686148
0.360821
0.539638
0.267178
0.506618
0.434179
0.405658
0.314913
0.407325
0.636613
0.345511
0.523669
0.372537
0.43499
0.600875
0.567919
0.529847
0.533907
0.315105
0.475404
0.251842
0.587421
0.462928
0.607754
0.598834
0.31673
0.591751
0.383361
0.45997
0.606714
0.232236
0.474192
0.503169
0.602926
0.634251
0.591049
0.510108
0.584053
0.573668
0.385126
0.505958
0.321768
0.464677
0.427423
0.538691
0.371646
0.258029
0.581129
0.387694
0.364494
0.353322
0.443562
0.388724
0.920057
0.310379
0.523815
0.518848
0.439808
0.275268
0.298453
0.446556
0.391172
0.615375
0.357352
0.706614
0.461627
0.358938
0.495957
0.260553
0.529694
0.27417
0.422416
0.677749
0.319446
0.537712
0.443549
0.346617
0.313292
0.64797
0.385294
0.430567
0.238869
0.493711
0.191497
0.587502
0.570196
0.466512
0.309485
0.460736
0.388213
0.341464
0.481774
0.357506
0.585849
0.310172
0.423859
0.514514
0.411887
0.533922
0.338462
0.34855
0.41173
0.655293
0.360883
0.271911
0.361245
0.264509
0.236261
0.596551
0.400519
0.461145
0.533459
0.310824
0.344968
0.391733
0.435185
0.437325
0.43428
0.513827
0.394052
0.293095
0.477267
0.199279
0.441476
0.362376
0.23102
0.550175
0.331788
0.368576
0.390982
0.553443
0.478661
0.638959
0.628711
0.306536
0.379979
0.397444
0.411597
0.227809
0.752262
0.387508
0.363636
0.396827
0.578105
0.432437
0.223637
0.427892
0.256543
0.688684
0.509481
0.346426
0.421523
0.437817
0.324712
0.596612
0.456589
0.539008
0.381719
0.44164
0.426736
0.319045
0.370381
0.610223
0.347193
0.283104
0.226224
0.458538
0.469442
0.361918
0.425935
0.403667
0.48882
0.349008
0.472091
0.337717
0.586873
0.457081
0.25182
0.335057
0.429712
0.259647
0.630088
0.442598
0.330891
0.317314
0.655923
0.296477
0.567861
0.819131
0.3519
0.357888
0.511383
0.349906
0.569392
0.334144
0.374085
0.458857
0.433505
0.465199
0.41854
0.636327
0.326282
0.363756
0.37213
0.732185
0.354963
0.246601
0.229775
0.295681
0.384283
0.494531
0.487814
0.277186
0.345312
0.376127
0.229285
0.808218
0.424575
0.424922
0.297844
0.382271
0.566515
0.449081
0.378622
0.609237
0.335191
0.517425
0.187744
0.606322
0.425877
0.47205
0.436863
0.285958
0.413942
0.539232
0.417355
0.315352
0.375711
0.351847
0.399187
0.431948
0.274325
0.483829
0.630749
0.588831
0.572652
0.741487
0.458928
0.444529
0.272042
0.372069
0.847354
0.337226
0.315858
0.374654
0.354313
0.672982
0.586177
0.488085
0.621013
0.389815
0.423641
0.504217
0.463079
0.616309
0.500547
0.318216
0.465246
0.58091
0.625562
0.348825
0.340596
0.393111
0.233497
0.60418
0.696449
0.287112
0.631765
0.292043
0.390834
0.387535
0.555016
0.482208
0.49016
0.467259
0.555581
0.677399
0.457496
0.516149
0.351642
0.330383
0.808924
0.48946
0.172579
0.4507
0.352449
0.289418
0.266204
0.376582
0.234559
0.268466
0.434085
0.414531
0.562162
0.399012
0.2932
0.394197
0.250347
0.237035
0.389312
0.375774
0.521351
0.369608
0.175639
0.501481
0.667922
0.439028
0.671949
0.63902
0.321865
0.536647
0.342612
0.417501
0.158468
0.340586
0.429571
0.689805
0.333324
0.487193
0.303503
0.480973
0.603903
0.298379
0.317621
0.423684
0.659532
0.519194
0.413314
0.45217
0.400962
0.805878
0.35893
0.276135
0.458015
0.523098
0.522713
0.537184
0.552648
0.340782
0.401905
0.764038
0.575441
0.305679
0.571949
0.394003
0.376106
0.493433
0.518779
0.49665
0.705535
0.723317
0.42273
0.54157
0.295366
0.239271
0.451331
0.340602
0.323436
0.374239
0.364403
0.265285
0.569878
0.202661
0.411814
0.267083
0.375735
0.414955
0.568988
0.633098
0.464169
0.344113
0.298683
0.223757
0.454051
0.529406
0.556635
0.317598
0.369283
0.36378
0.352988
0.356494
0.730901
0.448396
0.462322
0.591146
0.597797
0.514575
0.458934
0.558468
0.670291
0.273102
0.411265
0.770979
0.345184
0.359887
0.405384
0.551228
0.326963
0.277637
0.612423
0.729
0.28873
0.338258
0.329355
0.68025
0.430247
0.432188
0.490575
0.663939
0.501791
0.308979
0.272501
0.38639
0.475361
0.372135
0.339702
0.357838
0.394012
0.566823
0.271313
0.54886
0.364495
0.349435
0.321756
0.521021
0.501463
0.594935
0.454495
0.259849
0.446064
0.341428
0.217976
0.571051
0.506724
0.405214
0.405406
0.286898
0.662093
0.375576
0.259589
0.527565
0.256795
0.319885
0.250397
0.321632
0.753035
0.322426
0.620795
0.33291
0.320249
0.784233
0.615601
0.509319
0.410653
0.547928
0.360029
0.516667
0.481349
0.877768
0.430618
0.312474
0.392298
0.564082
0.549327
0.363052
0.720666
0.473283
0.35739
0.498134
0.757335
0.333925
0.672347
0.392228
0.535128
0.415584
0.512848
0.460662
0.382872
0.438466
0.390827
0.625593
0.302096
0.415387
0.722774
0.491047
0.330687
0.75195
0.391709
0.533769
0.414119
0.407678
0.333096
0.271939
0.593531
0.558396
0.426743
0.750969
0.368315
0.424478
0.327667
0.799851
0.423533
0.511266
0.451548
0.434012
0.437787
0.548263
0.290414
0.198214
0.503761
0.471667
0.39196
0.503477
0.359345
0.499912
0.601756
0.437619
0.417304
0.488483
0.533252
0.457246
0.570573
0.610484
0.276306
0.456104
0.173992
0.43349
0.779051
0.428984
0.331447
0.410737
0.280271
0.555913
0.535917
0.58663
0.814321
0.184398
0.504273
0.559573
0.603937
0.442035
0.698091
0.512562
0.64739
0.722897
0.475952
0.360002
0.451966
0.337014
0.549277
0.54987
0.429643
0.50529
0.284388
0.297811
0.586958
0.381375
0.377849
0.562858
0.558383
0.572943
0.40749
0.298481
0.582652
0.32605
0.342335
0.582415
0.660779
0.421241
0.652387
0.316129
0.567287
0.398775
0.30561
0.617561
0.275146
0.430846
0.405855
0.310312
0.272074
0.610831
0.295733
0.494986
0.412486
0.511306
0.534728
0.376332
0.503717
0.560984
0.332714
0.518051
0.284001
0.529598
0.434913
0.481584
0.342884
0.392182
0.420469
0.407169
0.434548
0.752891
0.337488
0.136697
0.257572
0.752659
0.417496
0.512202
0.41275
0.33733
0.124076
0.555559
0.459472
0.332873
0.30673
0.333221
0.350938
0.296017
0.403767
0.24715
0.307558
0.259156
0.682507
0.4449
0.343154
0.602772
0.315418
0.316132
0.334313
0.551872
0.269238
0.379985
0.407364
0.418235
0.385168
0.344818
0.291825
0.483539
0.456055
0.342785
0.624227
0.513285
0.332687
0.486598
0.461239
0.447424
0.428229
0.340052
0.272457
0.416255
0.561487
0.278553
0.561288
0.54229
0.543252
0.402859
0.514446
0.610603
0.689542
0.507054
0.314457
0.430741
0.509259
0.535163
0.599229
0.396171
0.35102
0.270274
0.236054
0.155336
0.690798
0.235825
0.326271
0.615688
0.440712
0.370706
0.527395
0.42528
0.332443
0.328777
0.438984
0.315421
0.283503
0.407019
0.401449
0.141116
0.218776
0.576735
0.660542
0.409677
0.502369
0.61596
0.428166
0.553737
0.675457
0.366512
0.4899
0.430837
0.373675
0.407288
0.462588
0.498731
0.288126
0.517821
0.337915
0.674401
0.613101
0.312048
0.891156
0.702408
0.415136
0.240405
0.441026
0.382293
0.401025
0.592151
0.370156
0.730318
0.245081
0.292279
0.404099
0.237568
0.399409
0.30334
0.399742
0.55958
0.281708
0.199085
0.404277
0.748845
0.298542
0.376457
0.342519
0.187649
0.54845
0.448274
0.120729
0.507965
0.292298
0.573253
0.372005
0.224568
0.601523
0.781846
0.619761
0.470877
0.624166
0.412119
0.34527
0.241539
0.511105
0.240579
0.600469
0.322811
0.349905
0.413895
0.603151
0.279837
0.627626
0.441179
0.406398
0.355944
0.515321
0.235842
0.621154
0.248136
0.385418
0.541327
0.32994
0.172784
0.444791
0.557548
0.414294
0.417558
0.396507
0.470985
0.488089
0.659318
0.503944
0.509827
0.524296
0.419004
0.43248
0.296401
0.35068
0.506572
0.411442
0.577005
0.309739
0.283211
0.400221
0.389167
0.20982
0.262089
0.592101
0.210895
0.480852
0.582593
0.259688
0.753064
0.599333
0.587205
0.271636
0.385078
0.337666
0.53543
0.573977
0.406733
0.271102
0.292695
0.386714
0.5255
0.461188
0.35109
0.723841
0.371824
0.747864
0.478596
0.353203
0.401314
0.45017
0.510846
0.373616
0.447454
0.292709
0.430644
0.550188
0.349148
0.362021
0.39365
0.411361
0.256677
0.43442
0.293666
0.411994
0.715749
0.506963
0.792338
0.537342
0.346054
0.577886
0.410855
0.487367
0.490081
0.381096
0.335675
0.31398
0.40134
0.276003
0.382004
0.534732
0.309548
0.307755
0.441373
0.482885
0.443809
0.309354
0.322467
0.797278
0.38397
0.494957
0.670965
0.371113
0.434307
0.464776
0.422556
0.520947
0.476756
0.329686
0.458946
0.520307
0.409846
0.279119
0.315224
0.562702
0.305087
0.409694
0.496977
0.577359
0.414012
0.458414
0.268867
0.196243
0.368291
0.461149
0.208091
0.463237
0.478807
0.43406
0.456621
0.31393
0.292132
0.439361
0.613011
0.4885
0.649979
0.614546
0.426279
0.437454
0.570541
0.433862
0.598403
0.482756
0.318505
0.534998
0.399466
0.409706
0.379029
0.265059
0.33045
0.473109
0.310484
0.466334
0.245281
0.504464
0.313123
0.646278
0.2887
0.375094
0.399773
0.207095
0.276176
0.514123
0.24314
0.385142
0.310136
0.565764
0.568446
0.617177
0.438467
0.436461
0.413171
0.540042
0.123914
0.492768
0.299646
0.339386
0.38358
0.374769
0.327222
0.379952
0.834392
0.573983
0.310348
0.408757
0.351974
0.197176
0.727739
0.412763
0.473986
0.386118
0.575034
0.413207
0.507295
0.526023
0.509595
0.585719
0.442532
0.984289
0.405883
0.339429
0.517568
0.554546
0.312107
0.461609
0.203706
0.285756
0.585669
0.560559
0.502419
0.504635
0.453224
0.359533
0.370269
0.483041
0.510621
0.280288
0.35409
0.233467
0.330574
0.456656
0.570246
0.40442
0.334926
0.449554
0.507409
0.377046
0.357221
0.40747
0.29154
0.198346
0.358935
0.621674
0.312049
0.376992
0.840387
0.497018
0.353203
0.337457
0.205495
0.462548
0.408895
0.431066
0.625524
0.489502
0.713392
0.870519
0.274566
0.726459
0.403623
0.570792
0.488638
0.491932
0.350323
0.315898
0.476094
0.342989
0.364463
0.547113
0.441238
0.708004
0.365673
0.596236
0.431209
0.437382
0.509883
0.478523
0.555113
0.536331
0.3139
0.470733
0.366034
0.454782
0.507968
0.365263
0.596664
0.275199
0.464109
0.296591
0.477313
0.338077
0.550878
0.546036
0.479867
0.477479
0.339293
0.383713
0.465859
0.375102
0.334222
0.387454
0.277545
0.561028
0.425693
0.361566
0.329826
0.260377
0.387002
0.345896
0.402511
0.602908
0.419409
0.529453
0.441747
0.224122
0.404688
0.318372
0.673623
0.566734
0.139159
0.487119
0.639407
0.284675
0.585742
0.427644
0.375923
0.492206
0.280958
0.711149
0.400171
0.478943
0.39389
0.337254
0.540414
0.329132
0.592485
0.488229
0.344995
0.816169
0.371561
0.270248
0.303481
0.354848
0.407625
0.304381
0.399936
0.873396
0.336561
0.443973
0.515473
0.316146
0.310382
0.658505
0.508517
0.404917
0.697198
0.423747
0.37614
0.397553
0.243195
0.532648
0.307448
0.80801
0.482724
0.779752
0.299014
0.429845
0.403201
0.663234
0.359482
0.566488
0.411194
0.602976
0.400555
0.352633
0.868462
0.225627
0.381028
0.433773
0.671
0.349825
0.441454
0.485383
0.326633
0.503119
0.575924
0.452606
0.297113
0.477388
0.157857
0.555242
0.252049
0.308312
0.634259
0.457586
0.501146
0.592417
0.540811
0.771343
0.638408
0.276999
0.265466
0.415089
0.333154
0.425504
0.484418
0.539993
0.544587
0.269891
0.411991
0.372004
0.206489
0.494658
0.402685
0.578383
0.233096
0.289395
0.474298
0.332048
0.422345
0.486224
0.248985
0.301063
0.277441
0.420249
0.634787
0.53586
0.72282
0.431626
0.29709
0.474174
0.505821
0.388541
0.431486
0.276809
0.479469
0.341278
0.518192
0.402046
0.383419
0.44907
0.424499
0.381482
0.383369
0.381589
0.492691
0.409384
0.326895
0.26399
0.38269
0.586983
0.405222
0.339309
0.338341
0.351429
0.346337
0.477233
0.437585
0.518196
0.589505
0.37713
0.368198
0.272798
0.326679
0.389639
0.564211
0.409512
0.192562
0.43867
0.700774
0.5474
0.554621
0.515807
0.472479
0.311804
0.394667
0.668659
0.768209
0.267344
0.496015
0.400658
0.470423
0.521651
0.283838
0.481655
0.592632
0.419407
0.315065
0.220804
0.174111
0.156416
0.40028
0.41065
0.497753
0.571001
0.408068
0.406171
0.360376
0.435757
0.527151
0.651913
0.433724
0.687759
0.338442
0.311612
0.676052
0.357374
0.247579
0.32543
0.899683
0.391781
0.41168
0.18784
0.665119
0.537543
0.561555
0.420336
0.531092
0.477654
0.263389
0.446168
0.347817
0.43081
0.509856
0.577673
0.267267
0.504734
0.821794
0.37253
0.617739
0.42381
0.469847
0.719576
0.46831
0.391796
0.594383
0.462598
0.650522
0.321898
0.481939
0.507806
0.479389
0.42547
0.344857
0.491766
0.394861
0.270031
0.455933
0.534151
0.37973
0.355108
0.47091
0.806143
0.291782
0.409369
0.379179
0.513586
0.631658
0.723592
0.258358
0.500586
0.715011
0.256151
0.347792
0.742102
0.431125
0.481556
0.520105
0.414624
0.227641
0.458895
0.466454
0.49379
0.467096
0.505345
0.319377
0.238628
0.287671
0.348987
0.684543
0.604202
0.778021
0.483055
0.500219
0.349926
0.337844
0.450539
0.616149
0.375186
0.327463
0.371879
0.394814
0.520305
0.381774
0.348764
0.381724
0.652563
0.375878
0.533509
0.287428
0.788046
0.406823
0.593127
0.255637
0.321873
0.468927
0.57845
0.373602
0.363416
0.393014
0.270326
0.403351
0.465284
0.432714
0.343524
0.337829
0.673673
0.856784
0.528731
0.401432
0.444302
0.505417
0.388142
0.470908
0.511562
0.45559
0.570306
0.427459
0.618696
0.137253
0.368533
0.375787
0.477736
0.404772
0.309268
0.750418
0.320187
0.349272
0.293526
0.648886
0.501347
0.518728
0.543496
0.319689
0.354913
0.408893
0.419035
0.423983
0.260451
0.583731
0.55245
0.401643
0.404691
0.331872
0.472399
0.310416
0.421886
0.318423
0.490674
0.42845
0.278598
0.334496
0.494992
0.30707
0.327739
0.229117
0.409724
0.284091
0.478171
0.58301
0.50233
0.273533
0.268917
0.502499
0.634875
0.516224
0.675291
0.310108
0.419586
0.477263
0.326493
0.303497
0.341985
0.383565
0.524624
0.549035
0.349841
0.603539
0.531428
0.557491
0.384281
0.347268
0.314794
0.773416
0.5671
0.926753
0.457526
0.596519
0.464702
0.470208
0.451325
0.225676
0.519716
0.411991
0.257499
0.329642
0.421466
0.535147
0.53008
0.218639
0.258615
0.40593
0.497081
0.469218
0.500274
0.535741
0.533444
0.318827
0.459038
0.401857
0.444524
0.484262
0.359606
0.649552
0.620226
0.618532
0.677904
0.546073
0.766508
0.283096
0.505363
0.505536
0.225038
0.628083
0.425037
0.597072
0.236718
0.385428
0.209225
0.51789
0.293445
0.385139
0.605748
0.288546
0.322944
0.395711
0.341503
0.676135
0.861033
0.395136
0.76418
0.152539
0.430545
0.187057
0.420369
0.367933
0.306722
0.524824
0.271921
0.237232
0.300981
0.568527
0.454426
0.288592
0.4271
0.224349
0.462624
0.310116
0.335065
0.55999
0.462931
0.337348
0.224416
0.303819
0.281024
0.328793
0.278766
0.507602
0.402528
0.370941
0.355353
0.516541
0.284572
0.339114
0.526168
0.67727
0.377706
0.341538
0.368593
0.301237
0.270708
0.712105
0.639934
0.38731
0.509848
0.39383
0.48869
0.238
0.445026
0.713659
0.775876
0.55396
0.44387
0.366738
0.416187
0.546603
0.466978
0.348381
0.329364
0.704165
0.377845
0.292589
0.445533
0.373565
0.452784
0.408794
0.460693
0.459772
0.33854
0.480263
0.439305
0.451388
0.414893
0.275986
0.473705
0.747667
0.297392
0.713865
0.560432
0.258807
0.571271
0.380035
0.54058
0.360141
0.312705
0.206206
0.786822
0.50377
0.36817
0.546139
0.53779
0.337844
0.303751
0.573846
0.272958
0.28278
0.54734
0.255893
0.52182
0.245818
0.572225
0.442541
0.440385
0.640636
0.497735
0.365127
0.485816
0.601301
0.197461
0.648264
0.483606
0.330154
0.572411
0.474068
0.332247
0.312652
0.396524
0.215534
0.223631
0.26963
0.365415
0.847304
0.449896
0.349177
0.558125
0.333053
0.142188
0.330325
0.486276
0.485866
0.551296
0.56308
0.325822
0.620448
0.479424
0.409512
0.245153
0.528613
0.438539
0.283111
0.487604
0.309634
0.733773
0.353874
0.423199
0.347506
0.43359
0.345294
0.572398
0.653861
0.477538
0.797187
0.596882
0.234999
0.500012
0.388627
0.272811
0.26193
0.32856
0.634206
0.365452
0.499498
0.519823
0.281992
0.332731
0.451118
0.604567
0.240368
0.392198
0.621729
0.377014
0.487223
0.442931
0.498303
0.377205
0.411759
0.274634
0.657787
0.279605
0.392644
0.374101
0.35393
0.532035
0.184879
0.691613
0.522448
0.511588
0.594946
0.535384
0.401056
0.540473
0.465395
0.734316
0.517336
0.618305
0.436099
0.352525
0.496423
0.666746
0.827176
0.343182
0.50562
0.448189
0.426331
0.349696
0.40277
0.352039
0.226027
0.331835
0.712613
0.839704
0.470751
0.351939
0.456056
0.526316
0.461945
0.423727
0.205757
0.503603
0.326846
0.600461
0.289106
0.250445
0.476503
0.313808
0.593805
0.458658
0.3863
0.419171
0.515155
0.421021
0.213294
0.339699
0.478585
0.441862
0.302645
0.534912
0.576032
0.391364
0.492916
0.422328
0.444635
0.419355
0.48661
0.292279
0.34697
0.175772
0.618116
0.44228
0.412686
0.550254
0.370582
0.333746
0.473454
0.276427
0.367167
0.455341
0.483526
0.532885
0.414107
0.760282
0.408818
0.258316
0.447728
0.682637
0.301285
0.362492
0.278814
0.566242
0.457748
0.346689
0.315348
0.481496
0.513674
0.236111
0.725649
0.388726
0.180631
0.44531
0.581896
0.306168
0.373538
0.334981
0.572405
0.409766
0.502406
0.443697
0.757687
0.479569
0.257153
0.531092
0.8103
0.544145
0.340248
0.44782
0.532036
0.298275
0.333344
0.425685
0.403948
0.24473
0.663701
0.64095
0.650556
0.398909
0.508238
0.918582
0.540745
0.420657
0.306267
0.440285
0.529379
0.18092
0.180913
0.400547
0.608828
0.290276
0.480849
0.248621
0.410151
0.368483
0.276161
0.374137
0.293008
0.463313
0.313098
0.559791
0.361858
0.350563
0.440773
0.56672
0.344869
0.438484
0.406958
0.452088
0.205001
0.494883
0.361398
0.495684
0.352148
0.532288
0.227474
0.438845
0.659528
0.88982
0.510878
0.403445
0.343089
0.598159
0.546306
0.390352
0.825903
0.478217
0.221705
0.376048
0.567932
0.412162
0.369738
0.515147
0.133696
0.241471
0.67375
0.588274
0.54279
0.672204
0.5433
0.28644
0.648943
0.345491
0.273102
0.312789
0.484732
0.218389
0.49097
0.5189
0.363943
0.309526
0.362941
0.49192
0.644705
0.545841
0.369839
0.208205
0.267197
0.355987
0.736034
0.416691
0.486117
0.668259
0.240033
0.418592
0.356933
0.611617
0.277281
0.283756
0.508415
0.274336
0.59395
0.471934
0.287524
0.452618
0.286398
0.574425
0.501763
0.381518
0.356879
0.658524
0.349682
0.272367
0.435615
0.483181
0.466018
0.412062
0.814623
0.365069
0.353334
0.489541
0.348232
0.383145
0.533737
0.26381
0.493631
0.456523
0.77709
0.514007
0.438896
0.233275
0.447293
0.46022
0.273726
0.502138
0.398351
0.559649
0.39926
0.388556
0.290562
0.315427
0.349395
0.653463
0.662872
0.411974
0.450894
0.460706
0.617055
0.213059
0.403847
0.537185
0.630077
0.387256
0.607177
0.478324
0.766523
0.358435
0.604385
0.527563
0.680739
0.438334
0.480432
0.416821
0.619684
0.4103
0.581199
0.459494
0.420851
0.474349
0.333453
0.517931
0.593469
0.214044
0.43098
0.414898
0.648016
0.543325
0.611061
0.401999
0.376111
0.579925
0.461794
0.520355
0.736009
0.573964
0.338127
0.298118
0.606993
0.552807
0.667374
0.400331
0.566615
0.316852
0.663501
0.713446
0.238516
0.336558
0.462952
0.258811
0.263211
0.681515
0.642919
0.557429
0.329532
0.419027
0.354355
0.524916
0.651724
0.328815
0.346258
0.488344
0.347437
0.523844
0.588828
0.195063
0.44439
0.261086
0.386253
0.44797
0.604931
0.691268
0.363332
0.482055
0.458271
0.437702
0.260006
0.54246
0.533409
0.669449
0.436819
0.465144
0.422333
0.305307
0.355168
0.482094
0.476746
0.346034
0.511692
0.627067
0.46606
0.632384
0.582387
0.758295
0.376766
0.478291
0.838668
0.304826
0.226253
0.367391
0.539256
0.454072
0.360156
0.559469
0.219305
0.500979
0.270187
0.35131
0.417751
0.534443
0.36689
0.316203
0.541912
0.204273
0.613916
0.391544
0.491765
0.259713
0.419406
0.202372
0.459274
0.381726
0.477039
0.563238
0.271791
0.567239
0.766271
0.278476
0.394623
0.517507
0.343366
0.531125
0.599824
0.288827
0.137104
0.376062
0.318508
0.619192
0.589185
0.385734
0.334207
0.495137
0.370724
0.419337
0.379573
0.285349
0.25432
0.476421
0.390609
0.534943
0.176903
0.325241
0.38977
0.623407
0.686841
0.806018
0.646179
0.701478
0.253558
0.566881
0.479245
0.475693
0.240887
0.490641
0.369033
0.463395
0.382603
0.287575
0.403647
0.727515
0.62339
0.659224
0.443681
0.416065
0.577653
0.608158
0.511785
0.764869
0.478658
0.355108
0.501075
0.525406
0.436895
0.353693
0.524913
0.679625
0.382654
0.384165
0.3327
0.505216
0.462299
0.498927
0.410759
0.314611
0.442641
0.925466
0.233712
0.796325
0.356091
0.494032
0.376387
0.336718
0.580106
0.366651
0.454924
0.220084
0.294315
0.646883
0.567681
0.193533
0.243183
0.300175
0.296919
0.642214
0.595598
0.673838
0.686812
0.295205
0.21031
0.298946
0.275069
0.718324
0.518427
0.416687
0.482177
0.274023
0.79472
0.258061
0.584218
0.486679
0.692564
0.740714
0.399893
0.399157
0.373823
0.505989
0.359714
0.483239
0.257931
0.350236
0.631422
0.441154
0.303281
0.588656
0.853987
0.382058
0.400507
0.366176
0.306603
0.388136
0.373037
0.211315
0.400627
0.284266
0.369351
0.288012
0.344662
0.489664
0.543827
0.348453
0.387596
0.327184
0.479933
0.410808
0.31734
0.5436
0.414025
0.378845
0.284341
0.528313
0.438521
0.710556
0.399067
0.633267
0.484049
0.740264
0.483617
0.810639
0.612737
0.512081
0.623909
0.452827
0.45301
0.629517
0.503421
0.598912
0.558866
0.396042
0.521951
0.296926
0.488991
0.401875
0.523701
0.383689
0.438755
0.304899
0.518129
0.408543
0.375221
0.333797
0.333958
0.373049
0.384357
0.319519
0.383781
0.42851
0.341294
0.381837
0.446566
0.371126
0.21881
0.406486
0.598565
0.559093
0.367481
0.25076
0.56271
0.359109
0.551323
0.524122
0.317213
0.382978
0.293425
0.320355
0.303072
0.212026
0.314761
0.46508
0.386784
0.370198
0.594299
0.616537
0.312199
0.47927
0.271937
0.293343
0.651995
0.426563
0.434034
0.217272
0.186784
0.597604
0.402547
0.742264
0.473723
0.338285
0.602807
0.238984
0.554167
0.496926
0.793133
0.479221
0.47197
0.393899
0.55872
0.418352
0.329771
0.774974
0.468636
0.569554
0.260641
0.420521
0.408556
0.343925
0.291469
0.57119
0.511865
0.378863
0.383751
0.283682
0.3304
0.619812
0.411286
0.384114
0.542955
0.367278
0.316001
0.608318
0.654128
0.364974
0.478843
0.517423
0.447992
0.517191
0.422613
0.423922
0.522823
0.304841
0.461673
0.405132
0.344993
0.428695
0.348487
0.429177
0.87903
0.631085
0.311851
0.347534
0.409997
0.401491
0.351263
0.456201
0.399353
0.381237
0.410671
0.653785
0.301038
0.383907
0.460283
0.423815
0.581657
0.537014
0.353697
0.392286
0.543775
0.311299
0.49295
0.164295
0.412468
0.468406
0.715922
0.599089
0.639923
0.270059
0.526822
0.497368
0.523495
0.440322
0.364105
0.644137
0.19958
0.744477
0.459052
0.360841
0.704892
0.505927
0.484278
0.577813
0.58489
0.30703
0.450054
0.543762
0.360284
0.490438
0.363441
0.378579
0.509424
0.351713
0.462913
0.550577
0.471541
0.345754
0.196893
0.414357
0.285571
0.351183
0.48523
0.56618
0.311931
0.693776
0.383719
0.285994
0.382295
0.333576
0.499873
0.562264
0.366067
0.531668
0.711096
0.389246
0.456327
0.428354
0.253694
0.510256
0.344383
0.387633
0.470867
0.524904
0.544674
0.693139
0.418728
0.304731
0.35221
0.626152
0.49454
0.487291
0.488893
0.551925
0.508597
0.408471
0.368574
0.373286
0.460903
0.297001
0.342453
0.361971
0.631107
0.338576
0.345231
0.491755
0.419196
0.314533
0.529605
0.573745
0.497877
0.394721
0.321482
0.407515
0.692434
0.367752
0.35342
0.450581
0.376062
0.633513
0.409759
0.52177
0.655547
0.587159
0.590673
0.50951
0.57826
0.303134
0.403033
0.332884
0.253386
0.603437
0.610479
0.520932
0.590338
0.656324
0.32912
0.614714
0.412483
0.600929
0.292444
0.568584
0.768092
0.350572
0.862518
0.260546
0.413425
0.438578
0.707127
0.565123
0.398437
0.313216
0.343898
0.365903
0.507976
0.367365
0.371082
0.440073
0.563361
0.704531
0.469763
0.619966
0.56927
0.459594
0.378955
0.478178
0.347257
0.485761
0.313348
0.370905
0.271709
0.377181
0.697058
0.364282
0.47498
0.289995
0.286904
0.426825
0.537847
0.282344
0.436304
0.452584
0.456037
0.764782
0.395594
0.511735
0.374458
0.489199
0.447175
0.445395
0.480852
0.465393
0.365641
0.408987
0.743656
0.493943
0.420693
0.341857
0.225571
0.209438
0.335134
0.465911
0.458518
0.320662
0.566755
0.40648
0.553163
0.431446
0.483055
0.423136
0.452417
0.301549
0.410514
0.442029
0.588
0.357346
0.273185
0.299322
0.398218
0.313663
0.16046
0.249514
0.329381
0.283839
0.424261
0.519341
0.714902
0.364346
0.570285
0.591181
0.380102
0.707267
0.544875
0.165876
0.459153
0.228827
0.413445
0.615799
0.393208
0.247089
0.237953
0.250069
0.448239
0.272689
0.839087
0.487075
0.567364
0.361986
0.48084
0.291093
0.453196
0.541912
0.392615
0.9091
0.386952
0.73333
0.485254
0.600722
0.403831
0.524633
0.499132
0.263852
0.389022
0.279859
0.464727
0.392738
0.696287
0.657846
0.819055
0.501187
0.380158
0.622067
0.198873
0.191728
0.248068
0.260186
0.445206
0.542426
0.746656
0.332886
0.542507
0.665464
0.654003
0.454195
0.38804
0.313886
0.421918
0.222798
0.376293
0.495943
0.599976
0.320172
0.508912
0.420376
0.37589
0.521869
0.438518
0.140867
0.558601
0.664221
0.671077
0.171219
0.356499
0.492613
0.302611
0.252483
0.521688
0.478921
0.561517
0.370637
0.508499
0.482731
0.336091
0.41953
0.384636
0.260958
0.342536
0.219785
0.574672
0.418513
0.26641
0.441828
0.551523
0.451868
0.473188
0.583492
0.477758
0.504405
0.182532
0.256725
0.433929
0.312231
0.449453
0.395805
0.786776
0.285011
0.583923
0.405001
0.728332
0.33491
0.385477
0.401576
0.479361
0.319826
0.499534
0.538531
0.253522
0.28548
0.364891
0.271494
0.543558
0.445884
0.627351
0.310698
0.331706
0.508679
0.340044
0.453354
0.262751
0.71303
0.644358
0.255898
0.312659
0.839213
0.350089
0.427126
0.34627
0.578707
0.369354
0.500448
0.526811
0.668057
0.561751
0.211711
0.690861
0.182637
0.29092
0.398537
0.434939
0.346078
0.561385
0.497341
0.558005
0.368665
0.277575
0.553352
0.431558
0.468549
0.413135
0.617104
0.372299
0.542685
0.523954
0.576069
0.300726
0.461375
0.622711
0.55082
0.187774
0.315817
0.48487
0.314885
0.689419
0.471582
0.341309
0.348309
0.544453
0.609222
0.349732
0.703841
0.450675
0.555114
0.216444
0.315755
0.434723
0.260382
0.625002
0.346343
0.326605
0.544299
0.412692
0.409722
0.490518
0.384244
0.624418
0.368768
0.222398
0.330268
0.601322
0.485285
0.432285
0.321843
0.486067
0.349048
0.281304
0.464736
0.418286
0.535842
0.280068
0.431186
0.757385
0.30424
0.265867
0.25582
0.298534
0.41301
0.221611
0.612846
0.500202
0.48323
0.326209
0.317068
0.355934
0.422206
0.656778
0.420693
0.459458
0.299208
0.375916
0.440258
0.461625
0.304983
0.531401
0.387257
0.482452
0.662186
0.495496
0.209594
0.506286
0.618049
0.318981
0.418928
0.445095
0.466476
0.323573
0.298989
0.448668
0.278215
0.405683
0.475665
0.258378
0.565806
0.415809
0.519503
0.219978
0.374375
0.597588
0.230399
0.686382
0.40209
0.617537
0.488723
0.276979
0.265882
0.437239
0.339697
0.338534
0.321154
0.366209
0.313712
0.460397
0.539233
0.426721
0.425846
0.214699
0.260359
0.39619
0.319618
0.446213
0.392729
0.55239
0.445303
0.676894
0.630344
0.558876
0.402546
0.278712
0.274026
0.480215
0.39494
0.598224
0.398603
0.307103
0.365779
0.653301
0.7185
0.401768
0.468427
0.484579
0.645893
0.260379
0.411887
0.346704
0.404387
0.414527
0.472114
0.340011
0.294618
0.515446
0.1777
0.495991
0.477748
0.4941
0.417956
0.602588
0.504622
0.367258
0.184733
0.678314
0.53994
0.430614
0.456169
0.447154
0.244282
0.520996
0.507415
0.33163
0.341434
0.834966
0.51873
0.323624
0.500492
0.826279
0.525571
0.352944
0.420724
0.325904
0.538725
0.468814
0.565124
0.557645
0.367706
0.602849
0.287659
0.537334
0.339201
0.427406
0.397881
0.770327
0.49655
0.541036
0.458003
0.291111
0.515852
0.400445
0.228284
0.330503
0.314753
0.372086
0.755117
0.560991
0.279166
0.690426
0.667641
0.389191
0.35793
0.775442
0.508427
0.357105
0.332581
0.436423
0.249713
0.441523
0.729031
0.151028
0.50311
0.46376
0.510649
0.595572
0.513042
0.566643
0.345586
0.603783
0.438054
0.518492
0.422781
0.562003
0.616415
0.373908
0.629899
0.476707
0.385937
0.400039
0.462865
0.425958
0.398429
0.40074
0.413884
0.45479
0.609338
0.294423
0.451124
0.286516
0.169196
0.444297
0.412499
0.340358
0.442425
0.61972
0.631128
0.662111
0.398536
0.640135
0.271927
0.399252
0.474259
0.245856
0.531447
0.599993
0.498422
0.306924
0.505858
0.44173
0.737137
0.324603
0.24514
0.488309
0.250411
0.431418
0.181627
0.269915
0.516531
0.389464
0.264795
0.52842
0.347796
0.519138
0.363153
0.542697
0.338723
0.29632
0.504512
0.491461
0.290305
0.778847
0.310704
0.366399
0.277755
0.727906
0.64217
0.600549
0.393667
0.501889
0.443358
0.31116
0.593453
0.218931
0.275553
0.470562
0.306075
0.380737
0.321898
0.420805
0.356806
0.239637
0.307588
0.357769
0.218218
0.370131
0.563273
0.431303
0.236545
0.365071
0.49938
0.844186
0.359304
0.408448
0.641367
0.568911
0.44694
0.609495
0.290443
0.294807
0.647114
0.500506
0.610239
0.386552
0.317023
0.321174
0.453829
0.543289
0.336034
0.572495
0.354206
0.417263
0.521834
0.172728
0.377392
0.22362
0.35296
0.282682
0.505041
0.736994
0.377266
0.475281
0.28083
0.466131
0.277395
0.2256
0.509097
0.335362
0.364905
0.263455
0.297122
0.437619
0.23194
0.306804
0.325415
0.431499
0.37431
0.313296
0.486651
0.311079
0.438218
0.453886
0.347323
0.319517
0.369357
0.390094
0.669692
0.562539
0.520117
0.428523
0.448701
0.585841
0.253636
0.395215
0.221161
0.360733
0.213559
0.768185
0.252823
0.487134
0.427347
0.4014
0.374231
0.591248
0.612384
0.543027
0.448546
0.637421
0.375961
0.368814
0.370566
0.364608
0.310243
0.392608
0.495831
0.299996
0.351715
0.68189
0.241963
0.273304
0.294296
0.51338
0.462021
0.453495
0.416807
0.210416
0.460385
0.538175
0.745384
0.275808
0.53287
0.554727
0.477331
0.466957
0.411515
0.464741
0.530756
0.354061
0.271542
0.533043
0.483089
0.56369
0.49116
0.892313
0.635169
0.401169
0.399123
0.618973
0.504891
0.473515
0.390359
0.350505
0.548391
0.643454
0.352312
0.448055
0.49654
0.331537
0.294612
0.564235
0.588988
0.383341
0.352355
0.217203
0.406981
0.482641
0.389304
0.248758
0.459449
0.51324
0.844218
0.494025
0.324849
0.268227
0.323236
0.419442
0.121588
0.481922
0.540177
0.29939
0.232188
0.403955
0.168365
0.528162
0.192668
0.230715
0.409937
0.554627
0.466609
0.424767
0.332423
0.292943
0.54719
0.461425
0.415911
0.453871
0.377861
0.487946
0.806752
0.318106
0.357706
0.448768
0.390129
0.348463
1.07606
0.324096
0.492065
0.452628
0.300247
0.30232
0.578547
0.591428
0.569522
0.63758
0.364156
0.360452
0.507726
0.517937
0.750806
0.252503
0.467764
0.405
0.690679
0.300742
0.624848
0.60211
0.283425
0.374853
0.312563
0.308199
0.385123
0.398788
0.404984
0.561535
0.475173
0.526411
0.196503
0.489333
0.283876
0.499432
0.429014
0.864024
0.488555
0.425442
0.504327
0.508594
0.265332
0.27457
0.370608
0.534609
0.397809
0.359064
0.210052
0.14965
0.399085
0.533148
0.320313
0.389294
0.482586
0.51028
0.499985
0.51418
0.432079
0.345174
0.698227
0.562761
0.345951
1.0187
0.406115
0.683633
0.207341
0.494412
0.399769
0.375361
0.529444
0.268077
0.618963
0.388437
0.585229
0.409514
0.352539
0.61791
0.409273
0.508103
0.490878
0.54558
0.325292
0.51435
0.495718
0.277207
0.3072
0.653382
0.422082
0.403945
0.3437
0.41462
0.16984
0.343618
0.294228
0.470223
0.577192
0.334831
0.300206
0.312327
0.591726
0.486704
0.330472
0.290457
0.642532
0.39291
0.48966
0.400413
0.631263
0.206798
0.544063
0.778124
0.432946
0.402308
0.438025
0.310435
0.396728
0.432869
0.701116
0.370724
0.380679
0.415561
0.22824
0.527951
0.491925
0.501036
0.23935
0.820002
0.677292
0.644693
0.364376
0.306782
0.382932
0.437768
0.282404
0.549106
0.523399
0.386391
0.296112
0.175752
0.426415
0.333825
0.438226
0.549548
0.38215
0.405142
0.522225
0.564768
0.320391
0.346675
0.442141
0.359893
0.605684
0.493398
0.475673
0.426433
0.444592
0.530082
0.302226
0.420746
0.529019
0.276821
0.577807
0.582042
0.526745
0.3278
0.311899
0.303702
0.286072
0.615495
0.248432
0.955186
0.551172
0.562951
0.462218
0.469597
0.215657
0.316651
0.441053
0.260808
0.440314
0.185796
0.287585
0.498003
0.481658
0.40504
0.480452
0.428852
0.429893
0.272825
0.477214
0.499328
0.318445
0.506207
0.541649
0.342856
0.332465
0.632977
0.402008
0.406273
0.427232
0.418498
0.740261
0.384023
0.388536
0.53527
0.332516
0.275392
0.543989
0.476343
0.353676
0.251856
0.321767
0.156314
0.470435
0.300993
0.396574
0.292982
0.60213
0.289767
0.458976
0.447108
0.228422
0.41182
0.240184
0.517452
0.530221
0.377924
0.431389
0.530297
0.339947
0.197289
0.342907
0.27028
0.347968
0.197476
0.544935
0.215409
0.407308
0.528345
0.340668
0.310344
0.253105
0.424119
0.135236
0.320731
0.331977
0.293265
0.539991
0.564335
0.473366
0.449245
0.341395
0.323146
0.275434
0.631034
0.238177
0.282845
0.727706
0.410744
0.321275
0.29793
0.452105
0.462254
0.386906
0.460973
0.357836
0.316261
0.569365
0.389327
0.287145
0.489221
0.388105
0.242383
0.272631
0.80378
0.271777
0.316363
0.567196
0.793635
0.413557
0.38969
0.159319
0.69376
0.200456
0.621041
0.430037
0.525173
0.644754
0.606822
0.356122
0.451046
0.316431
0.156791
0.503356
0.385914
0.699117
0.141778
0.408543
0.399499
0.35159
0.427788
0.327895
0.343606
0.2977
0.451433
0.408658
0.821032
0.651611
0.361345
0.400936
0.632367
0.486786
0.58848
0.569981
0.515784
0.77212
0.547195
0.344552
0.500532
0.438483
0.523401
0.623131
0.315299
0.415583
0.627058
0.339308
0.246661
0.308398
0.453454
0.430216
0.408966
0.375263
0.297981
0.437032
0.410628
0.440011
0.274589
0.347318
0.595851
0.371861
0.517568
0.485526
0.502461
0.519453
0.358849
0.312488
0.4026
0.498656
0.394173
0.497463
0.375744
0.620917
0.27517
0.375894
0.759585
0.391543
0.437177
0.484917
0.136652
0.473161
0.290139
0.261832
0.4239
0.366343
0.331226
0.164136
0.513221
0.487745
0.271776
0.437434
0.43086
0.420756
0.264645
0.386012
0.488695
0.337157
0.349414
0.491546
0.370698
0.385668
0.341376
0.298587
0.449074
0.742201
0.538408
0.38715
0.441867
0.428698
0.474928
0.341601
0.236971
0.313958
0.342151
0.281028
0.283051
0.440128
0.698614
0.499939
0.362163
0.434951
0.61858
0.585404
0.228414
0.565266
0.440404
0.463776
0.370578
0.536309
0.373001
0.629825
0.314793
0.418621
0.333992
0.440935
0.433892
0.433825
0.492816
0.60478
0.718216
0.448916
0.585569
0.639336
0.393497
0.271734
0.523466
0.282675
0.606642
0.577147
0.47502
0.631685
0.359983
0.410932
0.354046
0.302147
0.308962
0.528455
0.304563
0.473512
0.587925
0.485763
0.251527
0.705708
0.822936
0.221483
0.397958
0.399175
0.385481
0.448773
0.436267
0.255701
0.317783
0.488358
0.616613
0.438756
0.450537
0.574578
0.529908
0.447143
0.629055
0.503671
0.278472
0.430623
0.306943
0.227348
0.525492
0.390942
0.331444
0.329894
0.397258
0.352224
0.325507
0.347045
0.493842
0.580579
0.221028
0.390845
0.527432
0.424892
0.286654
0.317778
0.828227
0.50414
0.621528
0.452408
0.272966
0.341319
0.664559
0.346406
0.248716
0.574139
0.246939
0.569444
0.486776
0.610171
0.362704
0.283058
0.415002
0.229927
0.434815
0.550849
0.257538
0.555806
0.444211
0.731084
0.387118
0.351441
0.550145
0.297639
0.367277
0.444971
0.433793
0.411171
0.403093
0.482055
0.370949
0.477591
0.402692
0.408627
0.426961
0.584219
0.585573
0.412238
0.396628
0.63403
0.433516
0.422343
0.314467
0.304937
0.679161
0.350631
0.513623
0.590695
0.672244
0.666916
0.579049
0.680666
0.333479
0.551078
0.20973
0.757202
0.497023
0.344971
0.326732
0.335977
0.407076
0.540306
0.490161
0.384737
0.492251
0.326839
0.517662
0.449644
0.424125
0.427787
0.280914
0.353279
0.58795
0.377777
0.339364
0.561324
0.342404
0.534833
0.498849
0.83986
0.648064
0.450863
0.298175
0.369726
0.311041
0.365481
0.361232
0.335499
0.502161
0.258185
0.451437
0.529295
0.574943
0.265009
0.396014
0.276444
0.441461
0.412039
0.446658
0.414897
0.387236
0.642223
0.423558
0.601867
0.498391
0.490185
0.21385
0.462595
0.292182
0.177767
0.35899
0.258289
0.352206
0.333469
0.329077
0.429763
0.217531
0.253059
0.458554
0.517831
0.515618
0.438849
0.379302
0.401135
0.276
0.295305
0.338616
0.517055
0.39994
0.367535
0.547453
0.506495
0.484919
0.861975
0.394611
0.495195
0.304379
0.812471
0.538245
0.441577
0.271695
0.736121
0.261478
0.233303
0.514643
0.836658
0.465084
0.39964
0.240058
0.39008
0.347303
0.317641
0.427379
0.474577
0.164921
0.549662
0.293518
0.370302
0.412548
0.320257
0.645715
0.493106
0.616117
0.259915
0.490256
0.600516
0.679572
0.44203
0.410211
0.573602
0.452732
0.532547
0.317165
0.505105
0.476245
0.309919
0.263265
0.512188
0.686669
0.485773
0.420614
0.39636
0.456957
0.21748
0.545519
0.247844
0.121181
0.309697
0.35649
0.405949
0.38966
0.213594
0.691543
0.487956
0.499239
0.334659
0.558861
0.233886
0.366445
0.558911
0.408221
0.527828
0.409185
0.238885
0.384524
0.152454
0.533044
0.427052
0.513962
0.439595
0.455002
0.260546
0.328837
0.395666
0.403472
0.338388
0.225264
0.281307
0.618556
0.641218
0.376767
0.538584
0.231225
0.539455
0.301499
0.638291
0.476866
0.665904
0.414242
0.230789
0.569192
0.496343
0.242071
0.459453
0.594695
0.524563
0.390056
0.683273
0.518674
0.505871
0.46454
0.293593
0.233258
0.37553
0.597552
0.394312
0.346506
0.315627
0.330957
0.167825
0.359148
0.390832
0.354362
0.388816
0.464538
0.725452
0.329529
0.43761
0.493024
0.438879
0.576569
0.371429
0.403154
0.508601
0.553681
0.366052
0.326715
0.484189
0.274362
0.317898
0.49876
0.553642
0.388497
0.597412
0.317315
0.220532
0.41106
0.537402
0.553664
0.408192
0.329887
0.645382
0.376871
0.701554
0.444888
0.248828
0.476569
0.385195
0.258918
0.307008
0.312659
0.459452
0.310342
0.505577
0.506042
0.482396
0.358783
0.208662
0.47254
0.24638
0.382068
0.608868
0.262658
0.628951
0.408055
0.846266
0.317422
0.359091
0.36659
0.434035
0.319172
0.313716
0.436207
0.451695
0.61653
0.539774
0.501485
0.296885
0.209902
0.40878
0.505658
0.433973
0.392994
0.688593
0.463349
0.420718
0.613587
0.229228
0.637092
0.65417
0.446369
0.316877
0.248829
0.32458
0.513155
0.538724
0.385387
0.439169
0.488852
0.607319
0.336498
0.452587
0.429029
0.357289
0.300675
0.497644
0.496832
0.591589
0.553894
0.357538
0.37442
0.367344
0.621867
0.649367
0.407099
0.418596
0.372399
0.449298
0.287412
0.28
0.709434
0.557406
0.460919
0.651753
0.321474
0.592816
0.539242
0.308596
0.772031
0.367089
0.625275
0.53082
0.491879
0.637047
0.303454
0.486562
0.760624
0.457052
0.267383
0.37757
0.505858
0.223887
0.669588
0.379276
0.310526
0.166909
0.290118
0.48084
0.352641
0.291064
0.390734
0.537566
0.475588
0.717478
0.464808
0.239811
0.292022
0.858228
0.315608
0.395124
0.184531
0.430881
0.405577
0.502664
0.477545
0.332453
0.495294
0.408309
0.26523
0.428093
0.391193
0.519908
0.190234
0.493788
0.247078
0.419316
0.32035
0.521944
0.429157
0.331815
0.314957
0.710683
0.439414
0.364642
0.495631
0.285196
0.466053
0.2354
0.451424
0.301094
0.572428
0.479547
0.389371
0.305548
0.480264
0.410845
0.174423
0.372846
0.597267
0.383542
0.210655
0.37042
0.434282
0.414472
0.360966
0.48669
0.493009
0.592902
0.485983
0.285918
0.306952
0.423089
0.334246
0.33711
0.407636
0.449477
0.339865
0.94061
0.223005
0.474812
0.464686
0.420987
0.476766
0.529232
0.387928
0.330683
0.48122
0.405864
0.241092
0.718059
0.418443
0.664921
0.420737
0.425532
0.565256
0.468972
0.254621
0.233647
0.350485
0.609641
0.398032
0.28158
0.294292
0.582855
0.276745
0.592486
0.344611
0.498064
0.471647
0.352465
0.388002
0.341718
0.460561
0.542982
0.326782
0.70326
0.609222
0.519544
0.545553
0.320329
0.532586
0.749174
0.428591
0.39729
0.529819
0.541939
0.353876
0.578739
0.393491
0.287953
0.399668
0.26526
0.427799
0.750068
0.418742
0.355526
0.31593
0.445938
0.488548
0.249675
0.364098
0.403018
0.1583
0.520176
0.714159
0.367803
0.471222
0.540798
0.313354
0.45186
0.878595
0.343312
0.404626
0.480663
0.472634
0.405438
0.230869
0.462378
0.416535
0.553527
0.539802
0.450323
0.305769
0.635776
0.541571
0.218558
0.423447
0.382815
0.311795
0.304477
0.318048
0.337072
0.296648
0.510634
0.332171
0.359433
0.677048
0.344015
0.354656
0.339948
0.191182
0.526576
0.466973
0.437449
0.745718
0.403554
0.8783
0.464244
0.507649
0.578002
0.461737
0.568241
0.579835
0.476109
0.406475
0.640684
0.443771
0.473496
0.750652
0.697871
0.209425
0.236543
0.475793
0.435042
0.324993
0.367559
0.254815
0.676496
0.284702
0.399286
0.691264
0.485556
0.358917
0.408985
0.423775
0.642243
0.408775
0.463494
0.335357
0.621148
0.614576
0.706156
0.28952
0.436002
0.458111
0.357789
0.471996
0.654739
0.588571
0.475401
0.788342
0.184873
0.504086
0.248242
0.67269
0.688912
0.560487
0.300541
0.470566
0.363311
0.385014
0.25033
0.39659
0.158247
0.465449
0.503129
0.480495
0.788236
0.470663
0.291425
0.284739
0.327392
0.20839
0.396976
0.298441
0.419104
0.453446
0.238855
0.318079
0.338308
0.367506
0.274768
0.453524
0.623849
0.64003
0.623389
0.413232
0.458869
0.549652
0.445052
0.557526
0.51208
0.333658
0.418098
0.454737
0.477275
0.40793
0.385222
0.192381
0.28808
0.510196
0.438993
0.6352
0.58629
0.424153
0.421859
0.498131
0.410365
0.440061
0.42614
0.180002
0.46871
0.591995
0.514448
0.499232
0.389793
0.264435
0.451582
0.414726
0.492184
0.405311
0.39
0.375522
0.285565
0.255576
0.284805
0.38933
0.43935
0.290894
0.420291
0.511471
0.753333
0.312832
0.488868
0.457234
0.446316
0.388461
0.482439
0.308282
0.260007
0.435296
0.559866
0.381834
0.570924
0.353842
0.548801
0.399854
0.529608
0.385669
0.496785
0.416906
0.315658
0.609264
0.667265
0.387315
0.595662
0.52003
0.304763
0.334253
0.299639
0.446599
0.464403
0.346269
0.470445
0.732626
0.418938
0.317479
0.474245
0.497541
0.298572
0.470822
0.363452
0.296293
0.208636
0.142093
0.39151
0.519458
0.354699
0.635244
0.210012
0.536414
0.38745
0.399707
0.309329
0.518771
0.269864
0.450607
0.227556
0.427392
0.481313
0.325053
0.365508
0.350861
0.454398
0.398434
0.417797
0.258438
0.674065
0.441209
0.473068
0.282093
0.284595
0.327147
0.595851
0.442079
0.490781
0.44836
0.368982
0.253463
0.449466
0.395528
0.414158
0.312232
0.421111
0.348848
0.346598
0.466748
0.549612
0.47962
0.420101
0.360553
0.417355
0.309133
0.2701
0.442017
0.248585
0.396655
0.380001
0.504406
0.448061
0.457441
0.259581
0.406865
0.500309
0.37383
0.552456
0.301279
0.50708
0.496414
0.42615
0.42926
0.463763
0.270651
0.490896
0.289567
0.528204
0.3007
0.291202
0.304656
0.473061
0.304513
0.440788
0.371033
0.458331
0.424901
0.577547
0.344676
0.281634
0.46806
0.333384
0.313976
0.529413
0.254666
0.371529
0.297674
0.599417
0.23176
0.490597
0.590773
0.540381
0.49236
0.483338
0.299766
0.469159
0.680419
0.329237
0.257993
0.212186
0.666991
0.483099
0.582909
0.639783
0.393743
0.47847
0.250731
0.393775
0.431368
0.552723
0.439893
0.460791
0.49735
0.527733
0.518732
0.578461
0.295249
0.469249
0.511057
0.669323
0.418233
0.654407
0.425812
0.619064
0.565132
0.371812
0.378222
0.447938
0.351182
0.45682
0.347396
0.245098
0.385185
0.6292
0.228645
0.551272
0.241
0.377286
0.629148
0.299029
0.530666
0.515303
0.44544
0.338992
0.65727
0.448277
0.560023
0.336695
0.570325
0.386191
0.3736
0.369588
0.229536
0.523092
0.23622
0.467785
0.333906
0.403918
0.488731
0.359323
0.36026
0.447923
0.451821
0.391558
0.515096
0.354334
0.408138
0.457338
0.445533
0.393871
0.272257
0.284359
0.490259
0.366016
0.556293
0.436727
0.311071
0.260504
0.24462
0.661428
0.477847
0.263786
0.281658
0.290312
0.274779
0.612511
0.412909
0.937893
0.375489
0.668279
0.35317
0.506465
0.308149
0.386705
0.564812
0.480413
0.427453
0.53285
0.294933
0.391097
0.515225
0.361176
0.414513
0.612582
0.347348
0.364757
0.301144
0.192835
0.147891
0.354384
0.443591
0.376671
0.585856
0.631411
0.326599
0.341897
0.24773
0.586412
0.368495
0.451974
0.238832
0.356138
0.371352
1.03392
0.393286
0.503033
0.36787
0.517712
0.207224
0.363662
0.318443
0.282365
0.41615
0.331192
0.2846
0.396266
0.386253
0.415779
0.491879
0.326779
0.28927
0.465433
0.492461
0.628225
0.510103
0.523366
0.39616
0.246178
0.576752
0.288827
0.482511
0.538623
0.394434
0.321194
0.394264
0.321048
0.346718
0.691318
0.411795
0.168139
0.266306
0.256073
0.458602
0.339535
0.277423
0.447907
0.51487
0.348164
0.448878
0.481718
0.448071
0.561659
0.448766
0.396229
0.50069
0.762768
0.341717
0.278554
0.435727
0.238514
0.1529
0.514929
0.44719
0.480094
0.485071
0.602261
0.409322
0.357883
0.475212
0.371633
0.283343
0.369387
0.349127
0.422017
0.308407
0.436005
0.263111
0.516384
0.634951
0.33153
0.166227
0.250561
0.428099
0.410264
0.371821
0.308329
0.506335
0.444213
0.312722
0.372327
0.337349
0.464496
0.226907
0.723111
0.371884
0.471876
0.369648
0.363997
0.443605
0.510801
0.569105
0.390412
0.423947
0.387372
0.466821
0.459646
0.513007
0.336286
0.347107
0.562232
0.388687
0.432092
0.395748
0.445353
0.474279
0.645416
0.492778
0.449153
0.403637
0.246843
0.422426
0.474033
0.368793
0.34687
0.484173
0.320039
0.367453
0.437303
0.350465
0.328788
0.42888
0.499339
0.341197
0.406189
0.372398
0.648259
0.650976
0.732453
0.692285
0.227033
0.297433
0.366371
0.468768
0.455248
0.381206
0.478631
0.470252
0.640846
0.288923
0.181818
0.484563
0.41412
0.344363
0.467376
0.358318
0.255371
0.415942
0.494098
0.385331
0.263242
0.506573
0.661752
0.250499
0.660894
0.479434
0.331537
0.54778
0.252998
0.355948
0.713005
0.199232
0.622724
0.384989
0.466932
0.248971
0.287989
0.300964
0.460017
0.496761
0.444952
0.266274
0.332837
0.615543
0.455088
0.502855
0.322455
0.408055
0.551976
0.638044
0.557479
0.418408
0.666846
0.263874
0.280593
0.290144
0.576546
0.359139
0.348469
0.387468
0.523489
0.302903
0.286892
0.243933
0.420597
0.377368
0.64935
0.455389
0.704084
0.28041
0.511777
0.588596
0.457499
0.500971
0.547817
0.774372
0.668553
0.151226
0.271606
0.353816
0.402174
0.242973
0.473831
0.898414
0.331648
0.484511
0.825942
0.31386
0.351531
0.36968
0.52598
0.319319
0.418003
0.398701
0.700248
0.680574
0.472802
0.294014
0.616838
0.37051
0.270654
0.615681
0.234872
0.342834
0.271816
0.465782
0.509322
0.388683
0.397716
0.423959
0.578796
0.272237
0.399206
0.519393
0.550568
0.279251
0.369881
0.55294
0.225446
0.58952
0.396316
0.315223
0.57259
0.399276
0.339479
0.460594
0.584426
0.511252
0.453891
0.455005
0.573535
0.329638
0.310897
0.53966
0.511543
0.357913
0.385462
0.364216
0.621056
0.159391
0.372757
0.448013
0.467045
0.351363
0.514436
0.41488
0.41614
0.28036
0.323062
0.552505
0.621468
0.356309
0.350899
0.374185
0.50356
0.210554
0.440259
0.444611
0.261514
0.422486
0.300892
0.36556
0.492244
0.38362
0.250736
0.432918
0.436444
0.447201
0.313312
0.36688
0.285409
0.63691
0.669209
0.566919
0.505278
0.423866
0.377572
0.440068
0.486931
0.517185
0.364838
0.36422
0.667397
0.526612
0.580831
0.666021
0.4579
0.626766
0.353025
0.372772
0.387358
0.548731
0.644958
0.427199
0.694734
0.437026
0.610688
0.607615
0.60738
0.698878
0.281568
0.386702
0.2313
0.348397
0.379315
0.627085
0.385675
0.318224
0.32636
0.369104
0.411152
0.38324
0.258398
0.419851
0.590929
0.378017
0.507709
0.348227
0.298899
0.398521
0.494003
0.350895
0.454116
0.520895
0.598328
0.733244
0.291967
0.416528
0.374201
0.365162
0.741732
0.521065
0.298145
0.305958
0.339043
0.575102
0.618974
0.433856
0.472091
0.375645
0.851592
0.441994
0.609124
0.339483
0.696029
0.305269
0.406133
0.649338
0.425167
0.45088
0.474466
0.747138
0.483951
0.522959
0.30716
0.426232
0.323728
0.512204
0.159738
0.293659
0.304693
0.44253
0.510944
0.384715
0.491187
0.427228
0.220077
0.443836
0.521939
0.47036
0.438087
0.355401
0.459674
0.354716
0.316057
0.45032
0.529912
0.432201
0.526503
0.487196
0.199207
0.584954
0.667994
0.406426
0.409824
0.41694
0.420025
0.793419
0.302143
0.506666
0.396353
0.361613
0.390945
0.396203
0.528305
0.492266
0.394518
0.4825
0.303847
0.255273
0.581743
0.396791
0.34057
0.614099
0.625419
0.315847
0.558775
0.335754
0.403318
0.448156
0.265077
0.452505
0.522123
0.493356
0.427806
0.722456
0.320671
0.176992
0.202681
0.482307
0.404614
0.230382
0.425707
0.464859
0.290707
0.586532
0.308977
0.265234
0.324457
0.483015
0.378379
0.231459
0.626169
0.715738
0.437055
0.387035
0.621783
0.462593
0.708966
0.532136
0.438925
0.440992
0.386937
0.308126
0.434409
0.3434
0.396
0.513165
0.357965
0.375663
0.596873
0.355943
0.279897
0.614246
0.515592
0.463135
0.344023
0.58702
0.374836
0.293558
0.47278
0.359532
0.532327
0.332675
0.462378
0.322821
0.351367
0.232238
0.349149
0.302013
0.318062
0.584025
0.239851
0.348443
0.310388
0.270621
0.473074
0.647672
0.256032
0.27521
0.499149
0.496282
0.224982
0.223791
0.627818
0.360346
0.383903
0.314274
0.575781
0.715714
0.29286
0.442856
0.438289
0.370644
0.333536
0.30806
0.299997
0.341894
0.445642
0.413258
0.475123
0.582666
0.312723
0.286904
0.560299
0.527487
0.377336
0.724094
0.828658
0.449134
0.52802
0.386191
0.486475
0.438504
0.423777
0.282051
0.57968
0.462807
0.571003
0.589297
0.258149
0.372248
0.369944
0.280982
0.274956
0.425462
0.37781
0.263527
0.32422
0.413087
0.429699
0.655319
0.568553
0.339831
0.178706
0.486767
0.408385
0.225637
0.430908
0.51293
0.443727
0.249096
0.467499
0.424202
0.79151
0.482462
0.271731
0.420024
0.32254
0.418563
0.25095
0.42599
0.555027
0.523474
0.622544
0.265919
0.372735
0.663289
0.439975
0.545506
0.785053
0.356726
0.599672
0.616213
0.456061
0.314944
0.269653
0.309841
0.434433
0.383379
0.416298
0.270216
0.386669
0.345022
0.578261
0.211228
0.31674
0.479641
0.262988
0.437406
0.401475
0.86499
0.498841
0.654402
0.528319
0.275711
0.390839
0.535003
0.663067
0.666373
0.422546
0.660662
0.44948
0.49095
0.207796
0.428455
0.232873
0.424306
0.507851
0.321898
0.613139
0.519369
0.384355
0.621859
0.408239
0.360987
0.427202
0.66699
0.397742
0.313608
0.451688
0.336902
0.239742
0.45694
0.555529
0.451133
0.35004
0.415713
0.535886
0.211393
0.540677
0.653371
0.330045
0.58604
0.555414
0.332744
0.521249
0.420773
0.319606
0.399443
0.522701
0.509979
0.510451
0.249549
0.211298
0.709791
0.443754
0.569491
0.475606
0.304944
0.365435
0.59232
0.935171
0.517959
0.248386
0.586105
0.451265
0.232319
0.374303
0.561917
0.300717
0.64023
0.676893
0.39223
0.834621
0.274179
0.696331
0.500849
0.575832
0.32618
0.534074
0.42075
0.370534
0.432515
0.325211
0.309845
0.702095
0.467553
0.308504
0.425672
0.396917
0.392767
0.59358
0.320285
0.531285
0.350748
0.728201
0.438399
0.289746
0.144046
0.389742
0.470756
0.317336
0.33719
0.525366
0.379135
0.447723
0.710094
0.388705
0.31321
0.591716
0.520528
0.257956
0.579638
0.217321
0.28982
0.336043
0.616219
0.448933
0.30365
0.372947
0.599824
0.761324
0.459451
0.382132
0.19844
0.405104
0.252048
0.24207
0.693726
0.493077
0.583317
0.398011
0.404113
0.50983
0.485939
0.531771
0.492002
0.396721
0.523553
0.485302
0.281224
0.589006
0.543937
0.459197
0.389184
0.337741
0.391621
0.611404
0.315703
0.241085
0.590309
0.359601
0.451452
0.675855
0.411879
0.411421
0.325459
0.290586
0.561092
0.525514
0.416234
0.31076
0.364629
0.275554
0.382507
0.197262
0.458507
0.515546
0.256784
0.325262
0.565522
0.465334
0.406704
0.474572
0.3618
0.436201
0.471672
0.269084
0.293436
0.486153
0.523896
0.180348
0.430899
0.319862
0.555519
0.638118
0.360759
0.455092
0.463383
0.471844
0.404273
0.379079
0.714232
0.484962
0.462022
0.317473
0.456361
0.300889
0.400502
0.2386
0.269615
0.504182
0.52637
0.305696
0.440376
0.755571
0.397299
0.309521
0.386409
0.443629
0.30194
0.306209
0.421109
0.95362
0.639896
0.251196
0.316158
0.456375
0.387054
0.360675
0.403976
0.279315
0.418832
0.259229
0.383926
0.615894
0.360728
0.383903
0.406499
0.298633
0.564069
0.356431
0.343834
0.406364
0.288742
0.331677
0.30165
0.622414
0.576569
0.263719
0.324736
0.407226
0.329698
0.478332
0.546458
0.541201
0.338025
0.500338
0.381901
0.352352
0.318965
0.360468
0.527015
0.429692
0.632293
0.375023
0.60338
0.193853
0.487533
0.573717
0.32534
0.393367
0.412067
0.648497
0.361587
0.545053
0.287676
0.353798
0.516483
0.550297
0.264216
0.396506
0.348265
0.492988
0.392959
0.488382
0.618411
0.51169
0.288977
0.363671
0.436036
0.290417
0.386734
0.346433
0.787321
0.288022
0.478709
0.360795
0.468439
0.559495
0.38326
0.739173
0.502662
0.607208
0.323381
0.468903
0.489595
0.521787
0.343028
0.382517
0.203451
0.504626
0.399235
0.488014
0.392858
0.13507
0.432969
0.57885
0.429528
0.527382
0.241093
0.209523
0.289667
0.658007
0.409787
0.599735
0.450087
0.545849
0.537956
0.475318
0.336962
0.418432
0.331839
0.681669
0.461215
0.693405
0.530123
0.481939
0.381726
0.694859
0.341216
0.383398
0.542051
0.486242
0.344747
0.421855
0.552384
0.585978
0.285993
0.462779
0.377651
0.37125
0.303922
0.411459
0.449381
0.753067
0.511797
0.678565
0.523573
0.395744
0.495619
0.249745
0.302945
0.427066
0.309441
0.34689
0.689425
0.489757
0.384865
0.784025
0.708033
0.466975
0.363172
0.484795
0.223159
0.397877
0.605959
0.277582
0.286613
0.349943
0.397719
0.393774
0.334442
0.437384
0.552564
0.50992
0.411805
0.319536
0.425971
0.590027
0.536746
0.557888
0.36593
0.323385
0.312529
0.520288
0.455605
0.524646
0.432533
0.356053
0.81804
0.298565
0.367181
0.37389
0.391671
0.376938
0.349747
0.461241
0.48174
0.277244
0.495877
0.701999
0.393212
0.502375
0.198002
0.559634
0.471882
0.36837
0.841702
0.486597
0.217114
0.348228
0.494185
0.397857
0.364468
0.364444
0.312544
0.439423
0.523286
0.418453
0.287847
0.434183
0.499185
0.499732
0.631766
0.309739
0.443634
0.294024
0.558125
0.283925
0.447333
0.273543
0.468034
0.225047
0.534768
0.27161
0.550081
0.517511
0.466681
0.447836
0.40165
0.484941
0.300974
0.401797
0.409616
0.472215
0.279858
0.545665
0.685492
0.373912
0.357997
0.482227
0.398759
0.424475
0.315476
0.871546
0.25326
0.220515
0.394563
0.295662
0.476511
0.158486
0.319555
0.37148
0.282812
0.641197
0.350318
0.543079
0.307955
0.543682
0.500623
0.444987
0.448173
0.396468
0.424544
0.251094
0.316048
0.240918
0.376433
0.346392
0.271765
0.31536
0.488265
0.326017
0.279228
0.357969
0.369048
0.768339
0.237559
0.489374
0.477315
0.350462
0.557188
0.696588
0.177689
0.434717
0.66068
0.43451
0.217328
0.604279
0.37721
0.615101
0.224913
0.358341
0.371108
0.412225
0.217723
0.365701
0.366982
0.281667
0.864541
0.512432
0.402669
0.437041
0.57391
0.402988
0.482366
0.344357
0.569619
0.69167
0.338574
0.567619
0.735093
0.644912
0.459686
0.341438
0.612864
0.318675
0.419718
0.49011
0.566215
0.660322
0.437908
0.406566
0.330108
0.289904
0.349772
0.370645
0.335263
0.263785
0.619968
0.346469
0.772532
0.313092
0.48923
0.250866
0.327159
0.506804
0.29948
0.430933
0.490131
0.423549
0.591213
0.387354
0.408434
0.421257
0.400851
0.583643
0.444156
0.503754
0.362583
0.522438
0.443472
0.44784
0.584573
0.707107
0.291991
0.272868
0.447459
0.273637
0.316404
0.59729
0.455586
0.568426
0.444319
0.436601
0.403046
0.473843
0.531252
0.314881
0.88581
0.310881
0.45847
0.350727
0.460774
0.277635
0.241281
0.736208
0.253795
0.508789
0.385033
0.463153
0.442963
0.358516
0.351035
0.467996
0.611298
0.462626
0.259059
0.313829
0.365358
0.458589
0.261413
0.321828
0.305775
0.328591
0.677617
0.445479
0.272138
0.36433
0.313693
0.40727
0.20301
0.346561
0.605966
0.56357
0.85621
0.331682
0.430266
0.236997
0.337963
0.357139
0.411722
0.528903
0.46032
0.213468
0.484048
0.311717
0.433183
0.331274
0.473134
0.278222
0.215625
0.525803
0.387058
0.500095
0.785095
0.227256
0.401494
0.683851
0.371368
0.536315
0.363728
0.317181
0.595169
0.186639
0.498607
0.320189
0.376679
0.387375
0.405847
0.277474
0.65229
0.444422
0.56089
0.689115
0.510838
0.488619
0.496452
0.562688
0.426415
0.650339
0.502299
0.480814
0.364252
0.484005
0.407886
0.44682
0.488313
0.429701
0.286105
0.366992
0.353046
0.294239
0.280392
0.431821
0.625038
0.453925
0.38262
0.46966
0.856848
0.396048
0.454392
0.482186
0.393219
0.202612
0.461678
0.372795
0.322022
1.13286
0.545312
0.259527
0.531914
0.504632
0.577924
0.286667
0.500612
0.433438
0.456537
0.404687
0.391232
0.549924
0.291457
0.57199
0.530814
0.257179
0.301199
0.43983
0.502196
0.587714
0.763321
0.362321
0.28753
0.381091
0.623648
0.605267
0.351354
0.443092
0.819701
0.376778
0.341629
0.477197
0.455516
0.530605
0.430854
0.458792
0.594182
0.217245
0.451357
0.408131
0.352759
0.208377
0.396229
0.675942
0.437637
0.344492
0.260276
0.360986
0.351865
0.574634
0.822943
0.489852
0.132967
0.425504
0.290069
0.45483
0.228483
0.477962
0.326802
0.472595
0.482452
0.543675
0.686192
0.478012
0.470344
0.743954
0.663314
0.340054
0.510529
0.71143
0.527593
0.451902
0.411565
0.580305
0.289278
0.281035
0.286456
0.345892
0.28877
0.264572
0.233712
0.375127
0.467539
0.315573
0.347479
0.557461
0.621783
0.205173
0.246248
0.367847
0.329093
0.592139
0.235161
0.410667
0.546935
0.535142
0.288532
0.499275
0.176785
0.601751
0.333584
0.209542
0.406921
0.303384
0.444892
0.410017
0.360339
0.379866
0.443222
0.669521
0.644935
0.596967
0.33228
0.523782
0.214354
0.167917
0.370847
0.301393
0.693095
0.391314
0.353015
0.377482
0.247347
0.334596
0.435561
0.490138
0.404497
0.591635
0.389868
0.237444
0.40904
0.28178
0.325739
0.500497
0.39016
0.501929
0.48066
0.290847
0.407313
0.22376
0.437553
0.29588
0.380256
0.530268
0.694318
0.510247
0.500098
0.327559
0.450576
0.37282
0.355921
0.407452
0.524674
0.511168
0.545219
0.396389
0.437336
0.410193
0.386059
0.416143
0.545703
0.316751
0.455271
0.569549
0.725455
0.557541
0.532013
0.22352
0.759913
0.280779
0.57672
0.673042
0.341239
0.332784
0.6028
0.803283
0.388237
0.44187
0.366157
0.364246
0.647299
0.3794
0.458774
0.429941
0.807876
0.553131
0.25416
0.582391
0.47357
0.302254
0.639847
0.481858
0.656579
0.37408
0.279083
0.30661
0.241996
0.317925
0.686043
0.311701
0.645989
0.457807
0.43052
0.334576
0.376746
0.519688
0.474316
0.386314
0.380971
0.918675
0.377364
0.245252
0.503416
0.268303
0.438436
0.36373
0.522731
0.507365
0.382356
0.450896
0.509424
0.319194
0.462516
0.363052
0.428173
0.33036
0.460708
0.373412
0.80304
0.491235
0.443198
0.279195
0.465571
0.392359
0.35823
0.750351
0.539312
0.479464
0.316694
0.394879
0.444764
0.517148
0.34888
0.401109
0.541391
0.475123
0.472813
0.392844
0.34403
0.268401
0.332822
0.373691
0.356456
0.41793
0.279498
0.470426
0.24396
0.238492
0.443892
0.44347
0.454165
0.530763
0.640945
0.49163
0.455052
0.468653
0.387372
0.650595
0.350571
0.474262
0.666648
0.608316
0.540116
0.394563
0.411707
0.386845
0.464884
0.562799
0.503631
0.454866
0.57633
0.141287
0.350832
0.377664
0.374978
0.36099
0.331466
0.234928
0.357021
0.33789
0.492005
0.248267
0.23313
0.267724
0.419343
0.521782
0.384739
0.443088
0.321577
0.353337
0.434804
0.595508
0.418206
0.291001
0.407424
0.416343
0.428752
0.638718
0.293947
0.338263
0.361424
0.394348
0.465732
0.467457
0.385285
0.45464
0.182541
0.353847
0.447662
0.647438
0.534858
0.561382
0.533243
0.455557
0.436189
0.399798
0.492592
0.476959
0.342298
0.668503
0.26878
0.424128
0.678068
0.321075
0.296365
0.343507
0.33066
0.773111
0.421644
0.664948
0.321915
0.335485
0.589987
0.191601
0.433783
0.477616
0.399125
0.293836
0.408184
0.263821
0.286154
0.385424
0.305552
0.458332
0.656593
0.411356
0.355643
0.306515
0.315801
0.567432
0.272275
0.42646
0.293456
0.455085
0.426693
0.648311
0.388398
0.341063
0.562558
0.283473
0.528774
0.38557
0.331215
0.232676
0.225787
0.232879
0.362455
0.555979
0.75744
0.332444
0.318035
0.454367
0.412043
0.427012
0.377329
0.324764
0.742481
0.33159
0.768981
0.381478
0.371469
0.314453
0.540214
0.304307
0.43982
0.683294
0.38423
0.543145
0.474766
0.56266
0.546414
0.232274
0.765925
0.347879
0.441329
0.973874
0.849002
0.248257
0.620374
0.295329
0.376268
0.275535
0.465853
0.285026
0.488577
0.488972
0.438283
0.42252
0.302052
0.509757
0.584741
0.413902
0.426842
0.33089
0.28523
0.41398
0.807801
0.645867
0.134264
0.388389
0.420791
0.624428
0.545773
0.533107
0.371547
0.26004
0.349023
0.562061
0.177066
0.353213
0.554939
0.713045
0.417997
0.384123
0.521682
0.339854
0.618044
0.367436
0.320888
0.384304
0.334141
0.580621
0.335156
0.261088
0.372116
0.359437
0.516569
0.436289
0.322094
0.541718
0.507403
0.515782
0.372179
0.332879
0.697522
0.408123
0.511826
0.443364
0.33753
0.511381
0.303076
0.41365
0.44047
0.569151
0.38457
0.281131
0.532433
0.287252
0.360695
0.415759
0.259643
0.630905
0.28547
0.389934
0.440755
0.475952
0.311215
0.32198
0.272014
0.286293
0.529598
0.193996
0.427633
0.547407
0.370188
0.311539
0.635356
0.367265
0.443772
0.442425
0.227248
0.420016
0.78439
0.406332
0.226047
0.468619
0.372445
0.559628
0.426419
0.409755
0.390189
0.304735
0.161009
0.405925
0.259251
0.518058
0.453108
0.446054
0.393282
0.433816
0.603079
0.528207
0.266775
0.583098
0.263677
0.306674
0.477331
0.771087
0.786773
0.566339
0.49604
0.467594
0.342698
0.503776
0.657891
0.641107
0.4896
0.412732
0.585875
0.242895
0.422113
0.342565
0.316428
0.497608
0.301194
0.34793
0.305814
0.394414
0.215682
0.534859
0.46983
0.587884
0.363368
0.216162
0.439094
0.297194
0.425051
0.310001
0.309062
0.360253
0.289484
0.416258
0.52164
0.305251
0.369664
0.461675
0.308787
0.448483
0.318974
0.26456
0.502999
0.392535
0.508632
0.592849
0.362446
0.498809
0.450777
0.338633
0.552956
0.690415
0.404289
0.473761
0.431763
0.386727
0.536677
0.316192
0.445922
0.634979
0.554846
0.197833
0.546034
0.301696
0.363292
0.662809
0.40212
0.368474
0.302988
0.251457
0.398978
0.394926
0.288844
0.353917
0.561335
0.322291
0.576157
0.322086
0.330458
0.532757
0.394801
0.389811
0.355334
0.289073
0.300663
0.376214
0.672786
0.516913
0.315621
0.568976
0.296788
0.275127
0.352013
0.526826
0.315238
0.365966
0.160064
0.570114
0.282893
0.521002
0.492021
0.573567
0.498147
0.449969
0.755038
0.334855
0.403036
0.29634
0.411152
0.159116
0.481601
0.389792
0.527301
0.461483
0.593068
0.551833
0.529656
0.380917
0.436164
0.231929
0.230686
0.420417
0.415549
0.495453
0.499704
0.63354
0.287236
0.380234
0.321674
0.557917
0.595185
0.428081
0.255205
0.38357
0.445079
0.538548
0.324086
0.843928
0.357624
0.452001
0.318087
0.512968
0.50704
0.366844
0.311912
0.297737
0.40435
0.35983
0.360554
0.242807
0.565233
0.50506
0.313073
0.643295
0.525841
0.703987
0.314304
0.23796
0.288008
0.529087
0.550201
0.428117
0.450502
0.633559
0.314644
0.314253
0.448216
0.359073
0.47607
0.571564
0.367284
0.422876
0.341646
0.464476
0.427628
0.280757
0.437642
0.523609
0.294447
0.487072
0.508364
0.645404
0.689687
0.449446
0.303854
0.416049
0.229772
0.526947
0.431431
0.431232
0.405656
0.514951
0.380162
0.684988
0.67562
0.290976
0.4448
0.246765
0.551791
0.680073
0.317157
0.429988
0.391582
0.41124
0.577123
0.537007
0.443388
0.399964
0.210308
0.362682
0.453266
0.690903
0.574713
0.297269
0.594117
0.727208
0.503025
0.295144
0.293146
0.635744
0.496116
0.35312
0.350844
0.346339
0.553322
0.416239
0.506862
0.397573
0.410474
0.380518
0.42067
0.357966
0.263368
0.601623
0.451042
0.465798
0.304385
0.363565
0.159913
0.552194
0.538065
0.293987
0.379866
0.427683
0.590357
0.479867
0.350645
0.255247
0.359418
0.512502
0.540912
0.465075
0.413488
0.282127
0.616563
0.510918
0.440581
0.272902
0.270572
0.632409
0.421543
0.604475
0.634458
0.497622
0.403459
0.688986
0.469699
0.347979
0.477909
0.402251
0.330932
0.237435
0.468789
0.417062
0.483076
0.752202
0.509676
0.410086
0.365352
0.241861
0.288196
0.274041
0.646737
0.587406
0.452815
0.710706
0.444335
0.376924
0.413879
0.316699
0.701175
0.525269
0.374567
0.494511
0.430549
0.500842
0.552443
0.402014
0.256161
0.957022
0.37202
0.23838
0.395249
0.457284
0.27057
0.57617
0.397603
0.479839
0.431062
0.438076
0.355773
0.345579
0.691809
0.376362
0.337885
0.243483
0.538694
0.606007
0.519131
0.276542
0.168886
0.379175
0.167647
0.46337
0.326472
0.244753
0.22268
0.372199
0.50732
0.384461
0.677796
0.42341
0.59354
0.327552
0.383669
0.875609
0.36186
0.274459
0.71743
0.374443
0.419003
0.7903
0.519532
0.366543
0.435359
0.396141
0.534875
0.204425
0.365079
0.432873
0.456884
0.339524
0.513887
0.247563
0.483286
0.579238
0.664718
0.294462
0.5395
0.597039
0.239296
0.277398
0.309127
0.384084
0.216556
0.260451
0.828044
0.564274
0.695962
0.36239
0.411717
0.624984
0.497034
0.527794
0.461815
0.260852
0.449666
0.455282
0.433661
0.276833
0.198079
0.508319
0.244502
0.430551
0.322582
0.463846
0.291133
0.358567
0.308512
0.668723
0.496262
0.410285
0.471395
0.321605
0.343203
0.254906
0.517795
0.580476
0.421144
0.478658
0.36094
0.368505
0.280714
0.29399
0.419253
0.279158
0.360283
0.281399
0.269696
0.33829
0.383101
0.291239
0.209265
0.439802
0.259529
0.722678
0.490962
0.484448
0.353625
0.373113
0.343417
0.557483
0.371135
0.285699
0.24339
0.48241
0.387071
0.437219
0.241975
0.403323
0.453798
0.639246
0.444796
0.535492
0.274191
0.307287
0.504476
0.763833
0.396199
0.551671
0.378013
0.224885
0.390028
0.517569
0.217569
0.491998
0.700941
0.394255
0.383686
0.440372
0.297173
0.292322
0.389611
0.368641
0.29569
0.339302
0.434871
0.458954
0.492178
0.30303
0.216608
0.144521
0.396882
0.454768
0.52418
0.559013
0.400934
0.373511
0.345541
0.616005
0.582301
0.617246
0.476517
0.453545
0.682535
0.857521
0.37313
0.524435
0.585871
0.479239
0.433705
0.381561
0.324317
0.470495
0.322446
0.493632
0.317903
0.384723
0.288038
0.273425
0.303487
0.502595
0.65194
0.381058
0.568573
0.29402
0.304946
0.668804
0.655064
0.197402
0.34999
0.676
0.380861
0.838213
0.403503
0.304431
0.428976
0.436958
0.368894
0.4344
0.593502
0.493758
0.479262
0.314668
0.642253
0.276277
0.315492
0.366419
0.419454
0.523645
0.287591
0.482277
0.443348
0.580181
0.791505
0.439102
0.454184
0.452051
0.31991
0.614791
0.328131
0.382995
0.472608
0.349477
0.627378
0.457902
0.365284
0.415202
0.469226
0.496727
0.249887
0.502858
0.416149
0.52301
0.586625
0.531844
0.67739
0.435947
0.410823
0.550173
0.383605
0.578431
0.40049
0.370445
0.293403
0.435379
0.239468
0.437219
0.25179
0.296085
0.426195
0.213651
0.383619
0.404244
0.650569
0.319006
0.467191
0.415986
0.414024
0.403199
0.486436
0.336564
0.730158
0.335169
0.469017
0.4652
0.451321
0.744156
0.32687
0.37169
0.625381
0.205053
0.511949
0.226169
0.402986
0.577964
0.311218
0.520755
0.202136
0.387776
0.666289
0.401918
0.370425
0.321175
0.340456
0.190331
0.445766
0.241885
0.305006
0.365929
0.417886
0.210812
0.378552
0.429279
0.520917
0.320847
0.393926
0.356138
0.620331
0.42806
0.288467
0.343389
0.550859
0.289131
0.470652
0.429313
0.612062
0.631285
0.422201
0.372292
0.305938
0.361132
0.547429
0.482549
0.583526
0.37697
0.425849
0.400589
0.743075
0.420205
0.45668
0.241409
0.493516
0.51298
0.533387
0.431838
0.481422
0.226679
0.240436
0.686264
0.408243
0.419131
0.480935
0.162242
0.420849
0.309624
0.439579
0.338478
0.427834
0.256276
0.427505
0.334237
0.553242
0.520015
0.266784
0.516912
0.559222
0.294719
0.239553
0.48411
0.537994
0.594671
0.427054
0.373411
0.609226
0.421729
0.53846
0.502032
0.302714
0.417492
0.343831
0.541773
0.456838
0.323988
0.470721
0.386947
0.394243
0.417652
0.684054
0.685604
0.304869
0.383827
0.664258
0.343955
0.33438
0.791723
0.236396
0.541419
0.305841
0.149671
0.361645
0.576341
0.61284
0.498656
0.223636
0.251738
0.252941
0.392321
0.455648
0.411821
0.457704
0.467276
0.510526
0.496097
0.542654
0.496443
0.849595
0.529633
0.397616
0.333495
0.269238
0.451344
0.485949
0.192637
0.564906
0.410408
0.300314
0.408512
0.485872
0.899353
0.450646
0.433607
0.376373
0.605254
0.337009
0.209251
0.331786
0.27819
0.524496
0.265894
0.557838
0.67341
0.554308
0.480373
0.398462
0.633354
0.41324
0.333225
0.338667
0.29471
0.31776
0.472812
0.379832
0.18706
0.355917
0.29995
0.507028
0.350223
0.481384
0.614826
0.493823
0.425549
0.45246
0.570543
0.532312
0.513871
0.650815
0.381138
0.140756
0.461164
0.478496
0.530398
0.324449
0.673707
0.553495
0.329774
0.446218
0.665301
0.274061
0.548128
0.601153
0.310764
0.628188
0.624837
0.352221
0.275466
0.487709
0.440875
0.495941
0.584223
0.372827
0.431858
0.610228
0.769456
0.612665
0.546548
0.537654
0.307341
0.73451
0.651369
0.441879
0.471768
0.295182
0.683547
0.935419
0.320759
0.59738
0.24307
0.591399
0.359517
0.322224
0.528099
0.508661
0.29932
0.329563
0.26679
0.360346
0.343834
0.39405
0.358452
0.204695
0.485716
0.576131
0.333857
0.157983
0.668822
0.439072
0.527163
0.335935
0.577671
0.327606
0.453759
0.472289
0.362318
0.275997
0.3672
0.404104
0.612757
0.40249
0.372393
0.426392
0.493712
0.249922
0.554475
0.540486
0.405979
0.260303
0.321406
0.35652
0.390381
0.253353
0.358757
0.634946
0.507918
0.347624
0.441145
0.204821
0.367787
0.539965
0.28791
0.277934
0.509568
0.468434
0.276331
0.499938
0.475272
0.267536
0.508382
0.647114
0.624511
0.590629
0.481105
0.299947
0.360913
0.374385
0.656046
0.649205
0.550779
0.33458
0.330354
0.488523
0.543209
0.175199
0.542036
0.776843
0.176343
0.367157
0.522405
0.589535
0.245621
0.608849
0.544322
0.457195
0.321442
0.969728
0.537014
0.457308
0.407058
0.394109
0.466466
0.517646
0.462834
0.481035
0.361414
0.567768
0.211244
0.259968
0.458273
0.587599
0.559062
0.672777
0.270184
0.608803
0.35455
0.644509
0.601919
0.27476
0.443566
0.63723
0.414856
0.5468
0.301286
0.398279
0.496604
0.334577
0.254081
0.412921
0.226675
0.372662
0.398925
0.33789
0.316518
0.377761
0.408368
0.434976
0.238325
0.588038
0.221808
0.266245
0.342319
0.516493
0.354278
0.350451
0.455191
0.357971
0.6339
0.441925
0.41083
0.385016
0.666097
0.383024
0.507796
0.349637
0.413047
0.235609
0.664244
0.158512
0.250047
0.485326
0.34578
0.404304
0.741629
0.507781
0.468855
0.446862
0.59225
0.533695
0.460436
0.38476
0.678219
0.367434
0.669378
0.252713
0.476773
0.363919
0.410717
0.312929
0.528759
0.450079
0.306189
0.301338
0.406761
0.363855
0.467401
0.357624
0.256449
0.519468
0.399393
0.507602
0.276803
0.301707
0.216029
0.27638
0.335207
0.315024
0.46619
0.651957
0.547779
0.344525
0.402643
0.313747
0.647916
0.361554
0.545522
0.522136
0.522059
0.316602
0.374496
0.222403
0.628805
0.296745
0.447169
0.287803
0.403288
0.30084
0.412939
0.501625
0.489605
0.378443
0.815785
0.412783
0.410621
0.477605
0.643726
0.407813
0.397266
0.356698
0.412126
0.452041
0.220185
0.39882
0.361469
0.633764
0.427093
0.566667
0.577828
0.564872
0.347622
0.402506
0.496794
0.302337
0.290972
0.465536
0.254169
0.467126
0.44522
0.585969
0.460501
0.314076
0.464674
0.224707
0.448732
0.521568
0.703191
0.61523
0.451003
0.238014
0.320117
0.200559
0.546889
0.78047
0.279593
0.37828
0.428367
0.31559
0.607723
0.356924
0.582757
0.569047
0.50258
0.295135
0.448287
0.66792
0.474325
0.349774
0.409388
0.31404
0.532233
0.42544
0.41128
0.576113
0.253328
0.603503
0.423076
0.390864
0.429582
0.518878
0.441149
0.322583
0.771576
0.369742
0.297714
0.304489
0.205844
0.416889
0.369729
0.340031
0.539487
0.414744
0.549027
0.564256
0.363136
0.44815
0.500514
0.263675
0.356965
0.346498
0.37883
0.314136
0.448841
0.371011
0.265417
0.3278
0.31093
0.409924
0.359892
0.550305
0.309237
0.65983
0.361567
0.457728
0.399812
0.241742
0.341753
0.284492
0.24584
0.466948
0.414114
0.315212
0.745232
0.432647
0.288121
0.514
0.67988
0.463117
0.258218
0.492928
0.656943
0.45783
0.351715
0.428148
0.372406
0.202152
0.546814
0.296139
0.488984
0.583304
0.652459
0.683069
0.414755
0.289598
0.606907
0.592815
0.506461
0.587794
0.332054
0.333334
0.378778
0.641881
0.438789
0.37802
0.325907
0.321026
0.437773
0.385905
0.686909
0.327647
0.591397
0.637106
0.351555
0.381421
0.311981
0.515082
0.22643
0.421251
0.452552
0.385787
0.445281
0.11777
0.522456
0.490106
0.592697
0.680276
0.514472
0.524883
0.262693
0.570638
0.514279
0.25717
0.469687
0.440639
0.351099
0.502265
0.359851
0.622229
0.456945
0.655859
0.437908
0.333355
0.570669
0.64996
0.470959
0.684982
0.400817
0.671015
0.434367
0.322886
0.435145
0.494782
0.378954
0.491066
0.668742
0.352011
0.565272
0.358787
0.359966
0.397431
0.545172
0.207064
0.415294
0.486365
0.57974
0.593116
0.830222
0.51727
0.372613
0.311088
0.519589
0.333299
0.286215
0.247052
0.505937
0.42454
0.336634
0.346131
0.469991
0.266989
0.571876
0.384892
0.496926
0.233221
0.389599
0.495231
0.295355
0.423762
0.599108
0.297726
0.531214
0.493376
0.372351
0.37596
0.329173
0.283864
0.361472
0.372912
0.393454
0.483638
0.459162
0.805992
0.203991
0.614813
0.370879
0.262866
0.669357
0.246904
0.646267
0.520373
0.425857
0.632339
0.290073
0.321554
0.25305
0.667231
0.473688
0.50215
0.439605
0.260362
0.301815
0.338665
0.583077
0.560788
0.45945
0.270843
0.394642
0.341359
0.22724
0.484951
0.721007
0.350177
0.448567
0.182163
0.458213
0.481863
0.580157
0.467443
0.425196
0.71531
0.340148
0.67739
0.405903
0.353703
0.544325
0.335777
0.318959
0.483294
0.722387
0.276698
0.416675
0.393795
0.300636
0.622172
0.329616
0.412081
0.499319
0.471817
0.37016
0.289416
0.273338
0.542307
0.417551
0.25997
0.338112
0.220524
0.19369
0.497281
0.606936
0.411091
0.453217
0.388347
0.787595
0.291402
0.217241
0.316981
0.342942
0.28623
0.240214
0.667171
0.448642
0.334175
0.521617
0.584411
0.397114
0.352968
0.32704
0.601362
0.272963
0.39058
0.275335
0.392683
0.270834
0.293682
0.336887
0.212146
0.75204
0.480195
0.338803
0.312044
0.249869
0.430679
0.480987
0.464661
0.155876
0.323279
0.406729
0.420043
0.26573
0.319198
0.442301
0.657641
0.438585
0.422198
0.214534
0.489283
0.323868
0.590124
0.653474
0.259353
0.498233
0.179694
0.41695
0.271781
0.453623
0.336435
0.221029
0.46276
0.511524
0.567983
0.261969
0.516389
0.241159
0.212978
0.264874
0.28308
0.368153
0.336935
0.425295
0.41649
0.288728
0.228573
0.483056
0.742818
0.371575
0.4393
0.571375
0.190974
0.58548
0.515694
0.298899
0.45243
0.47986
0.212378
0.442613
0.383902
0.196688
0.471748
0.709171
0.244948
0.303292
0.312562
0.428377
0.319411
0.290315
0.438517
0.543721
0.381079
0.359809
0.311741
0.463879
0.350238
0.334592
0.640119
0.355598
0.407525
0.541963
0.958189
0.4208
0.338612
0.616014
0.21149
0.413538
0.419494
0.554458
0.285291
0.565922
0.815966
0.62442
0.232483
0.323052
0.521442
0.438702
0.326843
0.250221
0.232188
0.398443
0.531098
0.37307
0.36427
0.492773
0.80132
0.259028
0.340972
0.486529
0.326176
0.394654
0.678891
0.752372
0.388795
0.219295
0.939199
0.325908
0.743144
0.494362
0.246529
0.324737
0.43442
0.442317
0.345466
0.419544
0.191956
0.364619
0.411922
0.634489
0.526254
0.359799
0.279664
0.536421
0.23027
0.346601
0.447809
0.27567
0.427264
0.399826
0.496176
0.383832
0.269512
0.281936
0.392817
0.528634
0.55138
0.483194
0.521744
0.380253
0.611472
0.638496
0.255604
0.249176
0.266552
0.589826
0.336228
0.602006
0.317321
0.435092
0.45409
0.688716
0.426255
0.502086
0.247418
0.495093
0.256271
0.434694
0.264278
0.649786
0.487155
0.306152
0.372728
0.281692
0.662678
0.508584
0.452919
0.468042
0.200206
0.519458
0.493902
0.294081
0.311222
0.460865
0.369071
0.534211
0.373762
0.561488
0.687249
0.575073
0.313005
0.54797
0.395687
0.622328
0.528069
0.639826
0.44776
0.410594
0.182988
0.497193
0.298065
0.4199
0.272244
0.707607
0.381218
0.586637
0.340855
0.428548
0.306582
0.314713
0.411513
0.470269
0.443619
0.417528
0.399036
0.471633
0.381678
0.574925
0.591561
0.622165
0.390255
0.203275
0.429891
0.447364
0.506075
0.638867
0.708026
0.440041
0.430403
0.255732
0.373187
0.274502
0.334019
0.298672
0.249907
0.65819
0.324248
0.425994
0.205461
0.47907
0.342571
0.472377
0.371827
0.530509
0.502622
0.382477
0.53832
0.519975
0.443283
0.462253
0.459504
0.627706
0.21281
0.475735
0.19548
0.376496
0.620395
0.360411
0.341892
0.446844
0.745267
0.439629
0.465616
0.550033
0.460327
0.582556
0.365211
0.366265
0.466458
0.624961
0.502196
0.249259
0.796676
0.360886
0.44053
0.670633
0.294113
0.32172
0.345726
0.277795
0.421571
0.502543
0.20947
0.487002
0.335434
0.528914
0.599469
0.276331
0.38175
0.678496
0.467766
0.704707
0.296904
0.407566
0.317887
0.545434
0.527339
0.46339
0.513125
0.394108
0.322558
0.300365
0.26175
0.237856
0.448294
0.688456
0.358142
0.685238
0.840753
0.278985
0.714312
0.385077
0.573601
0.375288
0.528849
0.34359
0.324148
0.678211
0.151239
0.603452
0.411261
0.445774
0.405407
0.521789
0.353036
0.406627
0.278809
0.416311
0.460351
0.440542
0.522538
0.355956
0.354138
0.57434
0.493364
0.744135
0.496539
0.524168
0.338866
0.383377
0.379096
0.442075
0.338804
0.500187
0.424872
0.483196
0.460229
0.42057
0.370008
0.512304
0.428083
0.36717
0.613195
0.377341
0.467692
0.361479
0.228159
0.466875
0.466017
0.256453
0.774117
0.586929
0.47537
0.30459
0.635198
0.451787
0.44937
0.273705
0.359389
0.295886
0.432935
0.576529
0.473699
0.288948
0.202256
0.255865
0.267809
0.441834
0.537347
0.574486
0.476284
0.298105
0.449084
0.394506
0.562617
0.34821
0.425091
0.584132
0.792482
0.390042
0.480828
0.565211
0.448363
0.353824
0.431575
0.413973
0.356917
0.640769
0.205766
0.679263
0.435911
0.296915
0.413575
0.471625
0.334306
0.623243
0.329485
0.443238
0.302908
0.558683
0.329219
0.29509
0.398633
0.453695
0.289848
0.490629
0.300354
0.430535
0.467838
0.638264
0.455657
0.561078
0.442303
0.361258
0.265798
0.449356
0.54003
0.244226
0.548449
0.41047
0.187247
0.458009
0.564134
0.420905
0.398915
0.377347
0.569584
0.248634
0.414152
0.319219
0.323669
0.506839
0.228232
0.327472
0.371429
0.649992
0.251944
0.375227
0.35721
0.641324
0.438924
0.592252
0.541896
0.261146
0.464667
0.682783
0.406325
0.280607
0.271002
0.32669
0.28652
0.311947
0.685287
0.298759
0.517197
0.302404
0.517701
0.420099
0.471889
0.463507
0.554863
0.442889
0.649579
0.520174
0.40263
0.390179
0.457353
0.399863
0.291015
0.411023
0.301186
0.261667
0.405181
0.537837
0.375546
0.377899
0.386934
0.344879
0.377201
0.39404
0.417169
0.396314
0.394568
0.359551
0.657987
0.5063
0.37838
0.422497
0.524004
0.516171
0.364337
0.542703
0.310467
0.567662
0.461878
0.616223
0.695588
0.291477
0.327897
0.378121
0.426732
0.433496
0.459998
0.276214
0.847926
0.383195
0.349318
0.437156
0.585901
0.305133
0.212651
0.126062
0.666837
0.248029
0.464021
0.393019
0.449302
0.795105
0.468214
0.295246
0.438723
0.253058
0.437283
0.527868
0.477211
0.489913
0.176429
0.461113
0.298606
0.364659
0.470159
0.245974
0.310955
0.353518
0.310338
0.586601
0.335481
0.459635
0.425672
0.361975
0.359756
0.237309
0.668364
0.437093
0.329579
0.336876
0.463172
0.72168
0.799263
0.512966
0.319465
0.566402
0.190584
0.757626
0.552158
0.31061
0.328808
0.494393
0.266088
0.428834
0.524353
0.39519
0.459144
0.451767
0.576098
0.332098
0.300196
0.643566
0.310089
0.558451
0.381645
0.580381
0.644358
0.372125
0.489533
0.482908
0.403826
0.243483
0.37599
0.669315
0.658077
0.389302
0.572992
0.420633
0.575125
0.263172
0.498276
0.390338
0.405138
0.441578
0.419056
0.42213
0.611199
0.369839
0.400265
0.3666
0.508276
0.273731
0.517669
0.650433
0.386513
0.532108
0.370077
0.763899
0.503792
0.374218
0.45998
0.412274
0.323588
0.39149
0.367196
0.634269
0.116527
0.555844
0.56465
0.494963
0.585659
0.911703
0.50805
0.305401
0.404663
0.306859
0.536386
0.623169
0.196723
0.360382
0.306486
0.53757
0.403801
0.365991
0.377183
0.280424
0.338171
0.519429
0.254997
0.512502
0.575406
0.507954
0.676099
0.385359
0.450433
0.496813
0.416144
0.466505
0.635743
0.783762
0.300069
0.57034
0.276442
0.446775
0.19955
0.273865
0.347546
0.397005
0.422167
0.397726
0.298419
0.781714
0.610107
0.451812
0.472346
0.299997
0.265628
0.258038
0.345718
0.526598
0.428471
0.251668
0.519003
0.610294
0.494639
0.432027
0.470177
0.224505
0.170208
0.633298
0.456203
0.417347
0.26157
0.374242
0.672379
0.451293
0.608491
0.415874
0.380595
0.510256
0.498454
0.570849
0.392448
0.319275
0.414728
0.423867
0.424677
0.291094
0.554781
0.714251
0.515513
0.41445
0.459059
0.311073
0.594398
0.307453
0.348087
0.562053
0.411499
0.480728
0.433462
0.791882
0.282017
0.590825
0.436454
0.684385
0.426129
0.456461
0.286922
0.705895
0.199501
0.40096
0.295916
0.593762
0.510702
0.601742
0.208326
0.197035
0.506503
0.327141
0.198414
0.553637
0.977666
0.501931
0.449555
0.549392
0.331722
0.460419
0.343379
0.305867
0.539971
0.327533
0.536821
0.443628
0.425261
0.414337
0.172908
0.26719
0.683809
0.33731
0.36687
0.341016
0.416742
0.573113
0.522055
0.39784
0.647785
0.290463
0.402625
0.488894
0.40089
0.518253
0.597786
0.455519
0.463745
0.34905
0.392504
0.384748
0.402517
0.492769
0.335312
0.202436
0.241202
0.519909
0.248241
0.568101
0.390934
0.310947
0.37309
0.652758
0.407319
0.473538
0.514394
0.280849
0.41662
0.303505
0.463599
0.265241
0.317136
0.3143
0.466852
0.488245
0.520691
0.398114
0.267507
0.513962
0.32104
0.561618
0.461282
0.329695
0.558602
0.366065
0.274242
0.729344
0.35277
0.404563
0.456729
0.322786
0.534051
0.199478
0.397366
0.31299
0.643758
0.736966
0.324839
0.390305
0.525146
0.354767
0.387971
0.519985
0.234273
0.440799
0.274145
0.466828
0.513788
0.368384
0.372087
0.46632
0.39287
0.521341
0.347387
0.5472
0.416472
0.369213
0.276844
0.34778
0.489714
0.748999
0.335137
0.388979
0.181158
0.405399
0.479991
0.301351
0.604335
0.22742
0.40005
0.585183
0.433065
0.744629
0.488824
0.326618
0.221793
0.275405
0.38676
0.34152
0.463893
0.45037
0.813149
0.571009
0.44015
0.261938
0.481723
0.443361
0.303755
0.421581
0.236254
0.211077
0.183623
0.302776
0.613978
0.237452
0.462635
0.21918
0.736805
0.350978
0.543063
0.582327
0.306336
0.591989
0.365833
0.538169
0.331525
0.456904
0.286707
0.406597
0.538187
0.44706
0.340208
0.467401
0.578444
0.449298
0.147866
0.319305
0.290282
0.42678
0.386782
0.535157
0.445849
0.340439
0.390658
0.483467
0.28254
0.395244
0.462315
0.342453
0.362978
0.51616
0.208754
0.280139
0.233279
0.423078
0.385345
0.420756
0.505722
0.242429
0.799108
0.280392
0.46585
0.575344
0.683715
0.575251
0.347266
0.40895
0.319807
0.646088
0.273881
0.249407
0.328466
0.479744
0.692445
0.301845
0.232845
0.428459
0.425025
0.352606
0.374792
0.249878
0.485354
0.727685
0.216902
0.882024
0.339251
0.373215
0.372351
0.452286
0.528448
0.344824
0.438552
0.349931
0.800895
0.726463
0.556728
0.278612
0.624079
0.463617
0.563063
0.663794
0.736078
0.380492
0.288313
0.343547
0.66237
0.499878
0.443517
0.769407
0.471975
0.361403
0.246669
0.649518
0.310737
0.536814
0.468341
0.677522
0.407414
0.2335
0.390247
0.633874
0.455661
0.314557
0.763332
0.362162
0.446391
0.589544
0.403428
0.364292
0.370442
0.430052
0.428744
0.525759
0.490275
0.402633
0.335807
0.702105
0.265024
0.4065
0.563945
0.27446
0.372961
0.445961
0.328938
0.311262
0.496901
0.33154
0.395438
0.391376
0.335668
0.545242
0.327143
0.558283
0.617417
0.478797
0.340382
0.305254
0.421651
0.603872
0.754986
0.305175
0.616382
0.236095
0.464227
0.341396
0.713333
0.675061
0.534423
0.616367
0.480665
0.348374
0.546352
0.546845
0.476478
0.311893
0.41187
0.36509
0.333319
0.421262
0.501418
0.285031
0.322994
0.518132
0.423785
0.49873
0.268673
0.413651
0.483006
0.359022
0.293652
0.507848
0.426649
0.567739
0.613631
0.237728
0.313714
0.228694
0.570708
0.420476
0.635952
0.183161
0.404005
0.639025
0.428746
0.281148
0.37487
0.519357
0.570828
0.267022
0.258713
0.481327
0.258538
0.63286
0.201242
0.363556
0.354798
0.671886
0.313816
0.551241
0.512324
0.498481
0.324166
0.518432
0.384459
0.390355
0.306893
0.313449
0.309632
0.473507
0.33724
0.280929
0.42876
0.496804
0.375788
0.560085
0.395131
0.610545
0.644709
0.516083
0.765736
0.697465
0.336481
0.408197
0.464296
0.230479
0.314936
0.372344
0.527986
0.389515
0.407305
0.478525
0.531113
0.441079
0.579526
0.253439
0.49992
0.508061
0.860953
0.415887
0.589311
0.30975
0.734597
0.460436
0.497654
0.52688
0.318598
0.583915
0.500619
0.233776
0.498749
0.441096
0.529847
0.309472
0.244562
0.312313
0.165985
0.427471
0.472551
0.351482
0.342962
0.51442
0.323494
0.439899
0.381387
0.438604
0.224421
0.446141
0.283383
0.588757
0.36502
0.348861
0.2941
0.43749
0.446083
0.286823
0.626586
0.430107
0.385363
0.680194
0.443435
0.308455
0.500735
0.447216
0.641542
0.486164
0.291058
0.444205
0.465227
0.40588
0.414228
0.694565
0.33307
0.634463
0.496517
0.50781
0.520301
0.460806
0.486169
0.328416
0.489794
0.432316
0.33604
0.483495
0.347694
0.204258
0.640545
0.552438
0.296269
0.579144
0.492178
0.520905
0.652151
0.671318
0.389175
0.3399
0.360681
0.461742
0.408837
0.736476
0.629602
0.14344
0.502966
0.347835
0.507886
0.442178
0.589887
0.502449
0.498004
0.393917
0.404791
0.464418
0.460485
0.488623
0.626793
0.408001
0.482245
0.194219
0.772109
0.610679
0.71081
0.442688
0.291405
0.355143
0.624029
0.625958
0.473446
0.527114
0.353275
0.280753
0.31125
0.720032
0.290287
0.40759
0.474352
0.309615
0.303178
0.430506
0.743907
0.690327
0.438434
0.300175
0.262368
0.444555
0.551349
0.422595
0.305824
0.68586
0.337456
0.635015
0.403176
0.704054
0.502994
0.407008
0.506329
0.429083
0.427793
0.217906
0.465837
0.478148
0.654217
0.345592
0.384493
0.426055
0.370782
0.420316
0.470224
0.388924
0.296566
0.316796
0.479082
0.306863
0.491973
0.380361
0.344806
0.401167
0.338315
0.558228
0.541303
0.407746
0.585692
0.479956
0.604567
0.724164
0.621793
0.591776
0.265467
0.422127
0.488519
0.432234
0.231049
0.286825
0.63052
0.347788
0.493265
0.456392
0.489543
0.429321
0.674573
0.471412
0.285246
0.788848
0.565682
0.406577
0.351036
0.291795
0.317933
0.54988
0.307027
0.473228
0.371803
0.614412
0.403172
0.415807
0.431097
0.434628
0.395513
0.433599
0.478338
0.583965
0.343772
0.402947
0.343562
0.50804
0.358496
0.391014
0.368979
0.502412
0.240105
0.456381
0.426228
0.823583
0.551727
0.683832
0.411924
0.635908
0.237817
0.358842
0.253694
0.595281
0.239019
0.445645
0.430723
0.197959
0.256604
0.370738
0.397184
0.292773
0.467108
0.502843
0.654267
0.251602
0.665209
0.302693
0.165617
0.535088
0.588112
0.473361
0.416354
0.532994
0.352372
0.493734
0.639325
0.556608
0.754229
0.530699
0.537801
0.452168
0.370949
0.497375
0.361666
0.529984
0.496101
0.438205
0.521187
0.314951
0.44041
0.419634
0.45575
0.33548
0.276132
0.518151
0.261141
0.441351
0.545731
0.45969
0.398811
0.394859
0.854791
0.358724
0.358009
0.547075
0.47431
0.393151
0.223268
0.426513
0.513477
0.24379
0.393348
0.349541
0.629748
0.51633
0.231919
0.493823
0.28673
0.391106
0.35656
0.409136
0.543679
0.351866
0.256026
0.346967
0.530066
0.638809
0.42644
0.620153
0.237868
0.278741
0.435173
0.271701
0.428793
0.450944
0.527091
0.317134
0.383871
0.648774
0.602653
0.413361
0.369909
0.347068
0.289368
0.410979
0.435756
0.352202
0.179417
0.374185
0.415709
0.338738
0.427123
0.402624
0.253978
0.30268
0.297984
0.390728
0.398509
0.510111
0.564253
0.439515
0.301373
0.299071
0.556513
0.44111
0.403275
0.517186
0.477718
0.348183
0.480948
0.362917
0.408553
0.670817
0.598801
0.361297
0.32349
0.5381
0.565489
0.453038
0.338864
0.262254
0.65052
0.452001
0.466595
0.5734
0.391259
0.290955
0.313725
0.228314
0.607469
0.633965
