0.647745
0.502596
0.765588
0.320101
0.0986003
0.322057
0.806076
0.273256
0.227518
0.15573
0.139233
0.794344
0.066919
0.943212
1.20452
0.291656
0.407104
0.115191
0.829326
0.293707
0.207955
0.197973
0.390796
0.384325
0.559436
0.350167
0.51963
0.528545
0.418
1.03728
0.481221
0.177948
0.516844
1.15052
0.276769
0.384822
0.216663
1.02133
0.223423
0.153278
0.396875
0.717601
0.729097
0.568534
0.0321889
0.18369
0.294695
0.369248
0.183347
0.0591313
0.318604
0.272177
0.0567521
0.779105
0.899187
0.603359
0.235568
0.78943
0.534102
0.214596
0.099996
0.023138
0.119851
1.06108
0.265438
0.358786
0.24435
0.26041
0.0622468
0.0269117
0.141943
0.18339
0.341618
0.0935091
0.532692
0.30756
0.716313
0.158993
0.674298
0.357717
0.843127
0.075633
0.532789
0.417692
0.125287
0.0496711
0.0869956
0.243079
0.550832
0.138601
0.835506
0.0808326
0.601226
0.548508
0.447993
0.325264
0.59639
0.169796
0.186263
0.0327435
0.0639805
0.116074
0.500975
0.0761551
0.323887
0.150482
0.48723
0.916869
0.254093
0.492975
0.953384
0.194445
0.544326
0.486623
0.405354
0.125379
1.66624
0.438502
0.21411
0.335732
0.0274636
0.221971
0.253383
0.578448
0.381209
0.824936
0.189881
0.24026
0.338013
0.419494
0.100838
0.343416
0.568542
0.189848
1.42068
0.479471
0.0115237
0.338845
0.500017
0.75152
1.22684
1.11641
1.18983
0.609295
0.729343
0.165367
0.565446
0.102612
0.145234
0.205719
0.370501
0.322804
0.97463
0.0511749
0.0753905
0.148291
0.357691
0.270287
0.353678
0.604386
0.074953
0.526266
0.532294
0.155289
0.260701
0.0239048
0.32135
0.202293
0.43757
0.404726
0.176352
0.256999
0.163855
0.473505
0.307265
0.322878
0.0252143
0.317715
0.142647
0.572511
0.66018
0.589987
0.67528
0.518083
0.106169
0.436031
0.768273
0.328568
0.724277
0.545856
0.116397
0.185015
0.525018
0.819078
0.563933
0.507537
0.144092
0.267454
0.275395
1.13663
0.174724
0.576217
0.452857
0.243182
0.259424
0.34491
0.352418
0.547792
0.115741
0.306674
0.222931
0.136473
0.0833286
0.21174
0.108992
0.365153
0.377235
1.25878
0.433416
0.311105
0.279477
0.517855
0.447532
0.0498455
0.268294
0.248575
0.0635367
0.53992
0.188505
0.878404
0.404228
1.72557
0.327589
0.461816
0.872744
0.00639101
0.941865
1.12425
0.188873
0.660206
0.225049
0.286062
0.0435171
0.54209
0.69108
0.181043
0.187759
0.131377
0.213331
0.0951202
0.507246
0.47988
0.153388
0.454608
0.29414
0.854946
0.114405
0.563985
0.77465
0.0996882
0.611128
0.212362
0.336203
0.312949
0.326143
0.288522
0.185672
0.314765
0.17927
0.682358
0.266391
0.320427
0.896476
0.080644
0.193239
0.427335
0.192376
0.10486
0.0273807
0.159607
0.0202046
0.815621
0.708775
0.496141
0.211332
0.446514
0.294535
0.736217
0.262739
0.340631
0.34047
0.276312
0.71529
0.269873
0.129084
0.474024
0.255298
0.688731
1.79193
0.306387
1.22558
0.197486
0.589581
0.200242
0.0741157
0.32663
0.11984
0.117922
0.207741
0.686002
0.735662
0.246652
0.5571
0.238531
0.0408296
0.616849
0.269155
0.245637
0.102465
0.106066
0.0552695
1.30799
0.0802436
0.652833
1.48109
0.554868
0.497482
0.654926
1.27644
0.633021
0.271388
0.315964
0.999423
0.731183
0.749241
0.488264
0.0246461
0.284427
0.820067
0.514988
0.333094
0.201709
0.316703
0.181751
1.18694
0.677144
0.264707
0.210776
0.691729
0.340028
0.200335
0.655692
0.572132
0.446031
0.464401
0.172663
0.292784
0.862308
0.652704
0.120329
0.918251
1.14946
0.213769
1.13834
0.575299
0.560661
0.718331
0.538557
1.48182
0.183999
0.153511
0.0804551
0.0997021
0.248011
0.351673
0.611718
0.553872
0.778309
0.988559
0.395991
0.158712
0.936897
0.613102
0.290127
0.309978
0.124819
0.525798
0.104801
0.321627
0.0893782
0.140721
0.300899
0.583919
0.167534
0.294794
0.251329
1.01809
0.0802551
0.0336297
0.381642
0.417445
0.373633
0.297102
0.441831
0.400178
0.190614
0.126032
0.444287
0.745766
0.72609
0.535685
0.25027
0.384013
1.01705
0.439095
0.439649
0.338032
0.295077
0.00893637
0.224922
0.93888
0.155393
0.611157
0.62048
0.552919
0.449882
0.620929
0.0610716
0.0746796
0.220973
0.229253
1.345
0.0108448
0.152969
0.886057
0.448674
0.651774
0.18926
0.313259
0.437012
0.271516
0.172203
0.403124
0.746989
0.454315
0.383168
0.199452
0.0831663
1.14786
0.518542
0.287955
0.0465299
0.360419
0.588552
0.278173
0.222786
0.363659
0.163875
0.894321
0.629931
0.129964
0.891115
0.554501
0.450027
0.740328
0.064465
0.963257
0.183343
0.337874
0.312529
0.319318
0.4399
0.277182
0.0454131
0.63185
0.116117
0.414981
0.0738563
0.427078
0.209288
0.191769
0.424044
0.64015
0.275326
0.445693
0.411167
0.539955
0.80368
0.164466
0.466002
1.10672
0.171646
0.556819
0.490413
1.06648
0.443503
0.142379
0.57619
0.0547884
0.837165
0.0658157
0.379142
0.265433
0.0307001
0.313195
0.256809
0.483951
0.133194
0.912561
0.687796
0.240267
0.752633
0.190239
0.106671
0.28349
0.157844
0.471679
0.178691
0.337833
0.168408
0.415109
0.31012
0.466849
0.42248
0.397899
0.557862
0.233391
0.473313
0.168298
1.01266
0.332734
0.598911
0.214556
0.0509008
1.17502
0.588414
0.957816
1.19391
0.526668
0.126734
0.274452
0.702964
0.292921
0.0659665
0.205237
0.69951
0.717755
0.240021
0.444026
0.898985
0.398514
0.651077
0.151747
0.274516
0.423535
0.206055
0.361789
0.604997
0.138066
0.338258
0.465075
0.406463
0.265489
0.749357
0.271815
0.582118
0.266644
0.935557
0.651778
1.4416
0.314829
0.500566
0.139844
0.3956
0.450635
0.220937
0.125348
0.747955
0.815285
0.451979
0.593853
1.06312
0.306554
0.211939
0.389152
0.455842
1.28997
0.194008
0.502096
0.452881
0.252549
0.135276
0.45156
0.467208
0.414543
0.339713
0.361897
0.424012
0.364832
0.488949
0.361403
0.0663012
0.396162
1.22256
0.520813
0.582828
0.493821
0.471103
0.330054
0.170549
0.287505
0.408043
0.287425
0.415389
0.387511
0.512604
0.31047
0.406186
0.485966
0.300644
0.541465
0.410356
0.374801
0.258986
0.464919
1.91086
0.0429079
0.0277234
0.315179
0.348414
0.285484
0.072977
0.297124
0.25274
0.243864
0.385427
1.0821
0.36863
0.990604
0.29917
0.160241
0.506174
0.33499
0.424625
0.109326
0.294239
0.583894
0.5362
0.362789
0.745893
0.566545
0.457539
0.590574
0.616978
0.435531
0.193243
0.190987
0.291249
0.717907
0.152422
0.420306
0.551991
0.582997
0.503364
0.396911
1.06285
0.254299
0.215914
0.583171
0.235394
0.79271
0.239263
0.572243
0.311141
0.123529
0.370005
0.472914
0.106863
0.181154
0.575376
0.243475
0.675153
1.48135
0.183963
0.107828
0.243963
0.0513129
0.844999
0.21212
0.598842
0.732617
0.0970939
0.905377
0.528903
0.0508734
0.195302
0.62461
0.155429
0.0493654
0.0576146
0.812509
0.401856
0.454102
0.256453
0.198303
0.307786
0.25546
0.227647
0.3196
0.335495
0.184568
1.50732
0.761184
0.138284
0.359822
0.524879
0.0733332
0.125871
0.368407
0.447272
0.187117
0.714903
0.434841
0.428597
0.141852
0.302465
0.541641
0.27829
0.181032
0.660949
0.273481
0.00454418
0.203807
0.908563
0.507841
1.07082
0.728657
0.145162
0.193305
0.665393
0.0661222
0.0473511
0.32498
0.200301
0.191469
0.407825
0.0414819
0.547681
0.604457
1.19461
0.112939
0.410767
0.425662
0.183629
1.04553
0.30057
0.157396
0.236766
0.137002
0.422185
0.475425
0.575748
0.482437
0.396688
0.338777
0.290019
0.12319
0.440501
0.768515
0.433554
0.632659
0.480058
0.628672
0.772789
0.169156
0.189393
0.401746
0.180988
0.331262
0.550722
0.224241
0.485843
0.636565
0.112046
0.305423
0.158891
0.221981
0.337984
0.304871
1.3949
1.00037
0.761638
0.697951
0.0993736
0.570312
0.551866
0.106581
0.161912
0.655976
0.788029
0.509451
0.798449
0.558916
0.297426
0.200175
0.746864
0.575359
1.0072
0.0889675
0.268326
0.525743
0.344983
0.344061
0.416422
0.133878
0.443533
0.195162
0.356078
0.210255
0.574417
0.228563
1.26649
0.257648
0.0184758
0.561489
0.339123
0.373642
0.295409
1.41457
0.527308
0.100675
0.265421
0.172143
0.983717
0.176788
0.0158021
0.118039
0.29544
0.0402443
0.365427
0.757709
0.513407
0.226343
0.617232
0.534239
0.344359
0.32646
0.153169
0.82437
0.300315
0.921289
0.420255
1.01537
0.288577
0.632731
0.958111
0.596239
0.580529
1.05892
0.971757
1.03174
0.185732
0.233089
0.248336
0.710738
0.713298
0.691381
0.224444
0.207331
0.569863
0.557032
0.350596
0.323592
0.153614
0.313341
0.685297
0.286692
1.18929
0.323445
0.239763
1.12418
0.227856
0.111248
0.167874
0.382246
0.386312
0.104597
0.515885
0.16148
0.87202
0.464067
0.334229
0.125191
0.085168
0.512392
0.632754
0.388476
0.781918
0.73169
0.36956
0.854515
0.000727873
0.663403
1.49374
0.179827
0.385053
0.127602
0.566579
0.532786
0.683523
0.0990162
0.807036
0.294558
0.876765
0.552854
0.477135
0.887437
0.298775
0.388687
0.119632
0.206474
0.378035
0.741636
0.0733615
0.115106
0.216438
0.455884
0.26098
0.365308
0.42225
0.0863684
0.340079
1.06176
0.0355018
0.343162
0.621883
0.567924
0.23809
0.509428
1.21502
0.453038
0.481984
0.214592
0.834971
0.22756
0.323581
0.617607
0.0708501
0.324715
0.488511
1.09843
0.306098
0.539219
0.731521
1.35175
0.107707
0.586432
0.768279
0.359245
0.39503
0.669759
0.488581
0.150531
0.0442464
0.600056
0.698612
0.71044
0.108508
0.225056
0.287371
0.317577
0.118938
0.661832
0.363867
0.694518
0.296438
0.245944
0.228497
0.273333
0.0956815
0.00868139
0.149443
0.449869
0.165861
0.286272
0.819132
0.0247972
0.725392
0.447914
1.10823
1.15627
0.119969
0.605073
0.0756177
0.0713456
0.600488
0.435412
0.53279
0.156715
0.16186
0.204498
0.613612
0.538965
0.527451
0.553452
0.0407167
0.170731
0.525432
1.15616
0.41929
0.328645
1.69021
0.310268
0.127327
0.739981
0.0200488
0.307251
0.139619
0.224703
0.81039
0.469547
0.661065
0.822539
0.172484
0.373713
0.294512
0.903508
0.02074
0.52046
1.38878
0.308617
0.477374
0.417801
0.109099
0.178374
0.473234
0.111597
0.739554
0.481609
0.77984
0.417275
0.195823
0.87936
0.224253
0.562974
0.263648
0.688727
0.758893
0.418528
0.616027
0.544613
0.686989
0.268947
0.383963
0.290132
0.724141
0.177929
0.42861
1.46804
0.499423
0.343282
0.618046
0.28568
0.151681
0.412267
0.140552
0.696435
0.0613772
0.969333
0.18562
0.551861
0.122777
0.654083
0.719149
0.681774
0.741357
0.540382
0.680061
0.324739
0.0461969
0.426743
0.335581
0.345627
0.128839
0.341069
0.504064
0.286911
0.553574
0.111076
0.163569
0.205728
0.181024
0.309994
0.0323307
1.4666
0.200483
0.27914
0.0990086
0.402762
0.188762
0.294531
1.05189
0.26583
0.681433
0.34248
0.116455
0.455506
0.363055
0.672032
0.365835
0.156403
0.0219514
0.54495
0.140464
0.273508
0.474153
0.0862807
0.199071
0.123433
0.105992
0.361974
0.313129
0.151363
0.640059
0.214168
0.629448
0.539956
0.0283169
0.101022
0.987554
0.361796
0.883261
0.465658
0.972163
0.236005
1.32327
0.113235
0.216544
0.724624
0.300949
0.0671022
1.2051
0.253135
0.210798
0.351569
0.349035
0.601504
0.708675
0.438979
1.1735
0.242059
0.27409
0.386235
0.281644
0.236871
0.52791
0.576669
0.17343
0.386291
0.091512
0.226394
0.228512
0.559231
0.340878
0.322661
0.201559
0.121234
1.05972
0.972631
0.400553
0.273432
0.600647
0.226778
0.447602
0.118828
0.631833
0.333844
0.0676541
1.27758
0.597414
0.0848874
0.213326
0.371093
0.913501
0.500718
0.767546
0.339422
0.35439
0.648327
0.704768
1.16028
0.303314
0.676905
0.340591
1.15635
0.132735
0.345996
0.375299
0.33553
0.230741
0.068898
0.409123
0.171565
0.521952
0.369642
0.74714
0.502861
0.755162
0.647055
0.936993
0.553329
0.283174
0.246162
0.114919
0.340047
0.240742
0.54312
0.23773
0.698455
0.217629
0.771302
0.127584
0.0904057
0.307533
0.301518
0.267325
0.353606
0.3065
1.13084
0.666879
0.338884
0.101011
1.15168
0.251379
1.20743
0.263364
0.834344
1.00427
1.0297
0.998507
0.636469
0.413533
0.91252
0.11731
0.130033
0.585347
0.389365
0.0743843
0.112532
0.249415
0.496382
0.31396
0.23809
0.386303
0.306152
0.370189
0.937778
0.0260546
0.0478735
0.128132
0.251127
0.379334
1.77297
0.116697
0.186531
0.315977
0.340051
0.285566
0.178226
0.304664
0.427649
0.154069
0.239932
0.233486
0.237521
1.07735
0.735033
0.200185
1.31998
0.20943
0.170499
0.479514
0.111585
0.887242
0.186994
0.239855
0.404689
1.02724
0.276631
0.435646
0.423371
0.123808
0.157615
0.415846
0.146392
0.0398334
0.21381
0.110586
1.23169
1.02983
0.478661
0.447709
0.577504
0.600302
0.833178
0.126678
0.13728
0.562421
0.321861
0.390169
0.193276
0.983768
0.563276
0.0270794
0.547376
0.112609
1.38506
0.397506
0.342476
0.402744
0.40483
0.291789
0.487939
0.359142
0.628373
0.308945
0.441955
0.576003
0.0692982
0.0478626
0.493493
1.10098
0.44889
0.716763
0.184505
0.0384808
0.156161
0.297569
0.136979
0.162569
0.0545488
0.12127
0.409634
0.115174
0.548491
0.246205
0.81963
0.109055
0.298119
1.0062
0.418462
0.211464
0.24255
0.0378131
0.51313
0.99363
0.476547
0.186132
0.129822
0.572609
0.233675
0.201242
0.259696
0.0775981
0.628218
0.121686
0.244267
0.40129
0.287084
0.518404
0.441284
0.349055
0.127551
0.433104
0.330465
1.09062
0.218569
0.316174
0.215017
0.365041
1.07689
0.411061
0.167651
0.454319
0.246687
0.788831
0.256217
0.349589
0.610421
1.12014
0.450825
0.258519
0.297351
0.617606
0.400872
0.614894
0.470764
0.0780597
0.145553
0.297021
0.626652
0.75196
0.768222
0.84166
0.113474
0.282043
0.312942
0.074618
0.149933
0.406548
0.566054
0.126402
0.497741
0.189041
0.0438279
0.122224
0.798301
1.19733
0.496252
0.561457
0.767729
0.429794
1.36972
0.434926
0.351752
0.482486
0.702874
0.13542
0.695181
0.115279
0.605783
0.47496
0.395332
0.444402
0.287941
0.769711
0.183918
0.181793
0.596745
0.48993
0.7462
0.544057
0.0369021
1.68261
0.171289
0.27753
0.521767
0.788159
0.242737
0.649726
0.793549
1.00287
0.28812
0.368153
0.548787
0.600271
0.334372
1.04142
0.122693
0.245388
0.666861
0.449913
0.929771
0.420969
1.04158
0.731631
0.440978
1.12857
0.0811265
0.119665
1.19612
1.00919
0.514328
0.210871
0.198628
0.631376
0.513605
0.163939
0.195213
0.260004
0.193101
0.837959
0.219903
0.818341
1.25279
0.435611
0.429295
0.193413
0.522271
0.202251
0.971144
0.598902
0.479361
0.195723
0.221421
0.641386
0.643156
1.12719
0.124652
0.451002
0.0737319
1.04072
0.15614
0.266518
0.097682
0.27036
0.685944
0.455391
0.297238
0.121164
0.519146
0.699903
0.556994
0.806855
0.270671
0.280281
1.08314
0.237014
0.495716
0.136836
0.745968
0.560042
0.461561
0.0830061
0.0497313
0.129471
0.140084
0.131424
0.413402
0.51427
0.264682
0.342999
0.0562995
0.544702
0.17459
0.678947
0.726035
0.539019
1.20063
0.115181
0.641509
0.807886
0.0336902
0.954006
0.487539
0.28461
0.779325
0.825591
0.344992
0.612837
0.500371
0.328271
0.128519
0.381972
0.11987
0.129689
0.169217
0.539936
0.397953
0.132623
0.2822
0.557823
0.240851
0.431789
0.797952
0.815668
0.628145
0.246129
0.43066
0.127411
0.227713
0.313818
0.16159
0.730792
0.866135
0.40217
0.714159
0.317045
0.330975
0.420045
0.494376
0.375313
0.603611
0.165141
0.392473
0.159322
0.689512
0.30459
0.988547
0.184574
0.640811
0.908042
0.108446
0.204659
0.39848
0.049322
0.14177
1.60035
0.706729
0.179525
0.661156
0.305446
0.166485
0.563362
0.498349
0.967911
0.207466
0.200076
0.280621
0.591471
0.534709
0.149516
0.499957
1.10294
0.281622
0.290738
0.475982
0.083428
0.109728
0.401626
0.277082
0.36236
0.376522
0.15099
0.465642
0.247347
0.727273
0.21988
0.513221
0.304824
0.149418
0.127891
0.382996
0.101018
0.703717
0.545882
0.798672
0.59902
0.588597
0.337348
0.256863
0.802307
0.858545
0.95988
1.6207
1.03277
0.934923
0.720348
0.0644889
0.532526
0.148375
0.508539
0.25596
0.211999
0.368191
0.571223
0.164452
0.35192
0.0776622
0.107615
0.082268
0.280992
0.109655
0.311811
0.719231
0.257623
0.330446
0.305081
0.638662
0.666314
0.560701
0.656133
0.131216
0.386095
0.173619
0.623177
0.642199
0.23075
0.217007
0.227372
0.181623
0.297263
1.02698
0.329353
0.610683
0.667122
0.267055
0.57553
0.586005
0.317363
0.69344
0.290283
0.245759
0.186468
0.568918
0.251336
0.302919
0.162158
0.148062
0.141733
0.307959
0.461315
1.00138
0.366914
0.140233
0.40153
0.613545
0.451758
0.446525
0.415764
0.425181
1.33142
0.0923677
0.581809
0.108807
0.44002
0.169522
0.059065
0.275286
0.791996
0.393254
0.180203
0.155654
0.333753
0.0770447
0.798263
0.13774
0.114004
0.806354
0.50589
0.930275
0.339457
0.375119
0.408498
0.806047
0.325014
0.526038
0.462902
0.118683
0.57065
0.242866
0.256416
0.424738
0.449141
0.060109
0.158002
0.206487
0.927383
1.12286
0.258361
0.554972
0.196826
0.194805
0.833943
0.686412
0.348534
1.07357
0.263375
0.333074
0.195193
0.111357
0.827659
0.474849
0.21767
0.220198
0.297602
0.267412
0.676061
0.165953
0.108395
0.484402
0.459161
0.40653
0.549897
0.167232
0.536499
0.261965
0.459734
0.302804
0.331187
0.499818
1.46163
0.385109
0.153029
0.815532
0.407392
0.0473471
0.314486
0.52027
0.380681
0.486513
0.458543
0.320062
0.614672
0.374281
0.0600194
0.0402068
0.152994
0.524164
0.440306
0.755656
0.703706
0.306178
0.255613
0.748672
0.608515
0.456895
0.323222
1.25085
0.442808
0.722806
0.701135
0.158695
0.101039
0.288714
0.276761
0.264223
1.03243
0.286324
0.370612
1.07303
0.119402
0.588119
0.622083
0.478185
0.472349
0.190352
0.0605389
0.233368
0.316803
0.510916
1.02632
0.418014
0.306469
0.37637
0.0426746
1.16134
0.273123
0.367823
0.149721
0.143614
0.63077
0.118908
0.219924
0.347426
0.482146
0.405288
0.331556
0.574172
0.0537093
0.66187
0.0303805
0.438227
0.612845
0.308977
0.554361
0.109467
0.693881
0.718862
0.588094
0.0925247
0.279884
0.279281
1.20103
0.537384
0.337162
1.21917
0.528835
0.120619
0.432745
0.277227
0.0829595
0.15722
0.77476
0.300948
0.640272
0.328577
0.474471
0.12676
0.56754
0.220185
0.273045
0.517998
0.223226
0.333161
0.0421034
1.63177
0.874982
0.378463
0.715204
0.543139
0.583456
0.302329
0.460374
0.472395
0.423986
0.455305
0.593572
0.656027
0.361613
0.261614
0.118473
0.161219
0.406123
0.311057
0.540657
0.289768
0.112331
1.1155
0.887559
0.665341
0.103005
0.30628
0.89212
0.330341
0.391921
0.942347
0.159786
0.102628
0.474539
0.52002
0.353253
0.250582
0.613368
0.380235
0.281036
0.952382
0.4841
0.332868
0.350867
0.188446
0.146582
0.368464
0.430696
0.298523
0.345424
0.172653
0.0551483
1.02518
0.0971856
0.320748
0.102732
0.562677
0.0395869
0.111686
0.111611
0.251181
0.384684
0.26584
0.405851
0.202037
0.802311
0.178463
0.513981
0.496673
0.137861
0.429859
0.425754
0.277571
0.188595
0.197223
1.17936
0.159721
0.0891696
0.030887
0.8564
0.677127
0.189953
0.498675
0.139988
0.507099
0.492303
0.180002
0.256034
0.749666
0.953367
0.218652
0.346664
0.345126
0.276663
0.494097
0.376827
0.312784
0.416943
0.599747
0.377329
0.49165
0.271124
0.173915
0.561959
0.41963
0.260024
0.663075
1.43142
0.394485
0.435674
0.349181
0.272225
0.104849
0.221811
0.131058
0.294153
0.228467
0.37711
0.191182
0.132048
0.213204
0.211289
0.236481
0.356071
0.885718
0.100472
0.35369
0.548747
1.10502
0.989917
0.242422
0.18541
0.321099
0.452516
0.420433
1.94094
0.701798
0.196898
0.241011
0.577483
0.0478044
0.252874
0.206083
0.0856377
0.342058
0.157158
0.1068
0.0896894
0.319979
0.525351
0.0723149
0.282784
0.361935
0.54461
0.26056
0.941354
0.750382
0.830969
0.123121
0.351082
0.147311
0.991471
0.0856147
0.427965
0.0853567
0.661411
0.243281
0.365258
0.619427
0.755949
0.699382
0.477884
2.50978
0.488931
0.70394
0.524979
0.526863
0.205838
0.0166683
0.242568
0.138955
0.288141
0.122724
0.179401
0.458189
1.07553
0.249094
0.126127
0.307377
0.414662
0.14561
0.393481
0.488479
0.13763
0.18789
1.28552
0.358607
0.650747
0.389475
0.18889
0.287552
0.319624
0.221269
0.263003
0.565252
0.598079
0.143414
0.888132
0.540271
0.5585
0.39158
0.526412
0.551113
0.720552
0.320809
1.0801
0.253421
0.273395
0.254676
0.816609
1.32997
0.194362
0.119866
0.797876
1.19437
0.0788147
0.276791
0.167587
0.364895
0.144823
0.433709
0.52096
0.945802
0.26087
0.11636
0.424913
0.117095
0.261304
0.427484
0.729671
0.341387
1.10205
0.560643
0.730305
0.684684
0.159909
0.304885
0.448638
0.631361
0.505608
0.368522
0.193233
0.326591
0.185211
0.116116
0.87301
0.651305
0.74907
0.498338
0.138791
0.476952
0.704463
0.453668
0.199146
0.0992322
0.093081
0.524161
0.673693
0.527882
0.155205
0.391969
0.0298135
0.900882
0.481282
0.0430662
0.260216
0.252627
0.0759301
0.47963
0.149895
0.703684
0.500359
0.0898265
0.292739
0.255369
0.151562
1.48215
0.440579
0.344973
0.480941
0.353632
0.531974
0.00549249
0.422008
0.611622
0.296942
0.0940771
0.35605
0.891897
0.194848
0.472382
0.348796
0.355799
0.387067
0.181748
0.237131
0.0416408
0.320738
0.214633
0.182891
0.0266127
0.139395
0.0962968
0.414084
0.932479
0.380869
0.438918
1.13216
0.589865
1.83459
0.324091
0.344476
0.116926
0.105698
0.528037
0.0621957
0.333519
0.596057
0.466922
0.52678
0.547186
0.616147
0.306496
0.054144
0.209393
0.150219
0.491148
0.68381
0.180388
1.13506
1.27589
0.901928
0.520966
0.203275
0.0843204
0.320947
0.17816
0.0718723
0.218641
0.358234
0.586364
0.69157
0.191375
0.266659
0.331226
0.224568
0.930272
0.983142
1.97819
0.357221
0.571179
0.634696
0.710969
1.02063
0.218482
0.701125
0.106571
0.25135
0.0848663
0.524069
0.434355
0.313331
0.149581
0.150197
0.758955
0.29473
0.204152
0.223384
0.621536
0.550285
0.282823
0.794041
0.473795
0.4064
0.56545
0.15038
1.06232
0.893548
0.297688
0.0608422
0.241137
0.730199
0.220032
0.807572
0.585749
0.161551
0.174018
0.39115
0.158432
0.515234
0.659187
0.372008
0.340564
0.042071
0.178211
0.176093
0.100812
0.26567
0.486658
1.61298
0.0810271
0.275899
0.0498964
0.417301
0.336111
0.353119
0.902564
0.096769
0.906034
0.410086
0.581108
0.0994252
0.260265
0.43011
0.193779
1.12792
0.37898
0.631552
0.287096
0.238737
0.181415
0.20832
0.137529
0.297734
0.252602
0.674431
0.507071
0.490088
0.434138
0.515338
0.272821
0.312254
0.612365
0.145373
0.472586
0.393126
0.477707
0.499109
0.671201
0.499303
0.540937
0.366332
0.541074
0.257867
0.107303
0.43591
0.545297
0.364519
0.727973
0.77332
0.272363
1.01875
0.394847
0.735033
0.918888
0.395213
0.751627
0.696935
0.743234
0.611631
0.634295
0.0734339
0.312959
0.546247
0.113735
0.881333
0.367219
0.354457
0.325938
0.448551
0.447066
0.113384
0.275727
0.239109
0.263042
0.393173
0.333537
0.209841
0.524047
0.104331
0.155618
0.957654
0.566339
0.320874
0.437654
0.776118
0.265153
0.974943
0.281496
0.325372
0.264992
0.211818
0.358969
0.265284
1.46547
0.252202
0.779954
0.760844
0.266334
0.197225
0.647205
0.620015
0.807777
0.395611
0.502313
0.391334
0.493173
0.0861967
0.897448
0.139144
1.08808
0.0308987
0.486684
0.543545
0.277419
0.160753
0.289819
0.529802
0.207001
0.162345
0.415382
0.405591
0.160365
0.34094
0.16073
0.840115
0.264672
0.112711
1.17577
0.179145
0.0212612
0.168133
0.253996
0.35194
0.146817
0.615015
1.73066
0.437355
0.15217
0.155714
0.698222
0.694942
0.232019
0.920446
0.780593
0.117546
0.284746
0.808204
0.189759
0.340351
0.300321
0.375202
0.917564
0.974555
0.0146427
0.199343
1.22978
0.170003
0.987946
0.21468
0.448925
0.158305
0.117113
0.552122
0.288175
0.83038
0.687356
0.457127
0.648399
0.398337
0.253435
0.205076
1.17284
0.580885
0.672228
0.471198
0.111141
0.575459
0.285566
0.601087
0.346658
0.22312
0.506301
0.382771
0.73012
0.442357
0.260808
1.29379
0.394708
0.379464
0.113252
0.48322
0.409321
0.731142
0.499527
0.316356
0.257739
0.173703
0.975666
0.104384
0.151382
0.350564
0.459238
0.236923
0.332307
0.700324
0.606298
1.09056
0.647585
0.782282
0.103257
0.750942
0.203557
0.391166
0.316677
0.458455
0.167253
1.29085
0.349308
0.0908601
0.27567
0.480582
0.155399
0.827369
0.699534
0.198115
0.292707
0.469986
0.432809
0.0989636
1.01679
0.575937
0.677701
0.656042
0.14246
0.21151
0.242049
0.546413
1.06154
0.593099
0.132091
0.119095
0.132699
0.242426
0.369977
0.23437
1.07775
0.66789
1.05062
0.374665
0.464369
0.102059
0.79977
0.156771
0.346405
0.556485
0.14793
0.404826
0.0944158
0.921804
0.889734
0.853567
0.564501
0.554957
0.674298
0.922309
0.457129
0.497234
0.192666
0.375187
0.495108
0.687621
0.384391
0.214089
0.658938
0.832767
0.627226
0.389385
0.813266
0.130937
0.643315
0.147141
0.0291536
0.180992
0.137244
0.200447
0.378257
0.19891
0.496553
0.302971
0.617571
0.56663
0.442785
0.231706
0.281974
0.280528
0.743526
0.48375
0.208129
0.23903
0.471114
0.520024
0.110865
0.0809446
0.458253
0.376126
0.698475
0.856904
0.571886
0.354657
0.55449
0.551316
0.471013
0.377967
0.570346
1.15248
0.456065
0.35031
0.0717483
1.32087
0.520634
0.218342
0.498803
0.0971769
0.214668
0.671164
0.219891
0.73172
0.794508
0.126408
0.458872
0.640819
0.743027
0.417594
0.486677
0.618029
0.308853
0.632235
0.0869455
0.143638
0.129741
0.287267
1.25158
0.333275
0.273894
0.781739
0.616215
0.159102
0.414408
0.504203
0.196809
0.16958
0.17075
0.223735
0.19772
0.409675
0.547318
0.495191
0.433488
0.296771
0.385716
0.378437
0.466609
0.66363
0.564478
0.181953
0.290262
0.433691
0.41357
0.0562417
0.682043
0.301694
0.601776
0.882615
0.490712
0.359697
0.170646
1.03277
0.4377
1.05794
0.275385
0.495165
0.647444
0.470593
0.0612234
0.81596
0.218286
0.669593
0.358236
1.11065
0.124325
0.323994
0.534392
0.947308
0.304386
0.616579
0.687273
0.226708
0.860356
0.706519
0.815082
0.564722
1.19844
0.174276
0.540408
0.171091
0.621037
0.763436
0.96658
0.209757
0.0920017
0.209766
0.431142
0.552773
0.606316
0.0639573
0.343875
0.352649
0.842319
0.749713
0.388361
0.643701
0.686904
0.724209
0.363396
0.238244
0.349219
0.501623
0.322704
1.66185
0.258045
0.360949
0.388726
0.0229293
0.146936
0.726119
0.340676
0.24816
1.18331
0.127769
0.389965
0.243624
0.59718
0.542914
0.131094
0.797747
0.906126
0.446703
0.228138
0.275993
0.295646
0.640532
0.73904
0.298495
0.0773144
0.337561
0.278441
0.420613
0.415319
0.249734
0.59915
0.320427
0.580184
0.546445
0.585838
0.855263
0.875551
0.508706
0.0985513
0.381943
0.457559
0.121982
0.504
0.129366
0.928547
0.0535874
1.96032
0.299325
0.422808
1.09621
0.610327
0.970539
0.240528
0.603517
0.190241
0.429916
0.324636
1.40403
0.154245
0.416841
0.334485
0.187082
0.141558
0.808354
1.06925
1.01253
0.393513
0.219227
0.434413
0.595533
0.246628
0.174485
0.327513
0.0228275
0.669567
0.395681
0.394419
1.0603
1.3468
0.224782
0.223058
0.165461
0.405861
1.5451
0.935305
0.590617
0.973617
0.546142
0.0609239
0.375884
0.372257
0.84412
0.0468066
1.0175
0.505989
0.666114
0.293262
0.632302
0.623992
0.524016
0.267759
0.254355
0.630396
0.95608
0.0277397
0.339576
0.38282
0.926807
0.814399
0.233368
0.0764442
0.577625
0.992815
1.05851
0.479475
0.44346
0.602243
1.39978
0.279298
0.994332
0.156663
0.233573
0.365115
0.160848
0.334735
0.501968
0.264401
0.391795
0.156135
0.56869
0.241258
0.372081
0.448906
1.13516
0.198819
0.132825
0.989763
0.174107
0.481802
0.94879
0.85666
0.176157
0.16713
0.0977614
0.164355
0.236348
0.455946
0.49156
0.668651
0.505627
0.324212
0.625199
0.325011
0.300466
0.917679
0.751606
0.911668
0.423529
0.899974
0.108068
0.572931
0.725559
0.753061
0.163527
0.395731
0.320528
0.114576
1.09755
0.488948
0.809014
0.162592
0.0517366
0.534135
0.76682
0.211874
0.512059
0.656165
0.312911
0.798727
0.483163
0.475317
0.416192
0.763773
0.526254
0.234329
0.67716
2.11339
0.377437
0.242647
0.456147
0.95232
0.833798
0.465432
0.0613791
0.317741
0.38062
0.00966146
0.309944
0.176222
0.780117
0.534286
0.31431
0.848455
0.416757
0.597523
0.417916
0.649953
0.0986589
0.733421
0.0268389
0.29949
0.77388
0.534468
0.345493
0.186809
0.25689
0.298572
0.068972
0.851061
0.469625
0.170482
0.280154
0.265816
0.381569
0.0347024
0.525915
0.190709
0.0240689
0.235029
0.430933
0.529936
0.272521
0.786988
0.633785
0.598595
0.344346
0.609415
0.59703
0.362078
0.428169
0.752182
1.08948
0.5525
0.14015
0.275164
0.457376
0.254236
0.256751
0.395187
0.168829
0.78462
0.196657
0.175371
0.499659
0.83071
0.177159
0.0661585
0.0458996
0.481307
0.199532
0.165082
0.14441
0.835291
0.336409
0.752664
0.214821
0.450576
0.507189
0.191411
0.802988
0.470283
0.903023
0.374956
0.0768616
0.0489031
0.758026
1.06247
1.49593
0.113923
0.113591
0.222084
0.264308
0.655554
0.461175
0.198812
0.126624
0.0448759
0.305771
0.753151
0.698978
0.28978
0.281448
0.282156
0.899644
0.266643
0.338404
0.412677
0.273792
1.23328
0.213471
0.352605
1.61499
0.26749
0.349243
0.182224
0.497342
0.295467
0.512548
0.127451
0.430048
0.312711
0.463983
0.141156
0.28561
0.300825
0.559981
0.241288
0.29987
0.305049
0.568316
0.516021
0.587113
0.627395
0.318854
0.319332
0.221355
0.272077
0.690406
0.385232
0.652225
0.621986
0.396815
0.18932
0.318509
0.176433
0.0999428
0.315692
0.175888
0.129889
1.39004
0.121534
0.274586
0.226326
0.138987
0.423456
0.159152
0.236401
0.771022
0.540951
1.03313
0.932395
0.302983
0.756692
0.890904
1.05889
0.405213
0.300983
0.979948
0.568139
0.0512083
0.310543
0.84016
0.102648
0.214026
0.669099
0.745235
0.454775
0.535467
0.236399
0.439976
0.508182
0.973727
0.226311
0.095327
0.280071
0.1169
0.232089
0.27055
0.38839
0.258578
0.314545
0.315566
0.297395
0.217975
1.27899
1.32256
0.480474
0.187919
0.160777
0.888793
0.532155
0.0891669
0.84862
0.110428
0.163945
0.212507
0.241706
0.0672771
0.385087
0.0546037
0.835917
0.535638
0.327392
0.338165
0.451947
0.998887
0.533548
0.882138
0.394696
0.2413
0.705295
1.07562
0.468115
1.19545
0.45243
0.0703077
0.880803
0.508578
0.316898
0.282844
0.34435
0.0518783
0.485764
0.220717
0.532165
0.11465
0.265825
0.568662
0.435669
0.243506
0.246828
0.380404
0.356734
0.417332
0.475941
0.984803
0.142117
0.228519
0.75095
0.0253718
0.793521
0.19103
0.270828
0.383312
0.102446
0.750532
0.0871952
0.68417
1.56437
0.485102
0.395072
0.670545
0.338886
0.411077
1.13658
0.207079
1.15165
0.131187
0.672337
0.385882
0.37657
0.790246
0.408231
0.665534
0.319541
0.37209
0.631268
0.219847
0.236936
0.324129
0.0938009
0.495877
0.389054
1.10578
0.150253
0.107614
0.634969
0.359551
0.197386
1.07067
0.608022
0.107471
0.366499
0.313277
0.481938
1.08713
0.163187
0.562073
0.236718
0.181603
0.268364
0.542802
0.630642
0.311153
0.268202
0.642386
0.433964
0.366688
0.163786
0.635951
1.067
0.0686322
1.19642
0.395425
0.274264
1.04196
0.142542
0.363652
0.218303
0.155588
0.515973
0.244273
0.24676
0.175799
0.206975
0.920397
0.432534
0.272179
0.446424
0.298906
0.123421
0.826361
0.210271
0.313525
0.292939
0.171437
0.401574
0.295283
0.548308
0.0686982
0.284215
0.303705
1.1931
0.16498
0.16908
0.297762
0.428918
0.727085
0.0793906
0.0645504
0.661759
0.254272
0.765879
0.434872
0.266462
0.852834
0.255343
1.14711
1.44896
0.131768
0.555244
0.223879
0.17488
0.612342
0.439064
0.115663
0.322408
0.734253
0.46502
1.0759
0.0274931
0.193712
0.257777
0.705125
0.100061
0.296849
0.195619
0.186545
0.352862
0.281299
0.273245
0.718704
0.0404728
0.343984
0.70418
0.55005
0.769366
0.320164
0.269595
0.159172
0.911425
0.270729
0.268467
0.368673
0.175027
0.805235
0.454741
0.217489
0.45787
0.116211
0.371422
0.219859
0.345778
1.62021
0.46796
0.209136
0.183378
0.357456
0.388456
0.4463
0.448727
0.358577
0.485937
0.271166
0.609618
0.313297
0.241491
0.28419
0.295821
0.0349322
0.169287
0.277254
0.555532
0.76417
0.237711
0.136548
0.291701
0.100682
0.680644
0.34207
1.28607
0.644376
0.242633
0.630384
0.926752
0.185779
0.457669
0.552345
0.206758
0.203731
1.10738
0.947211
0.509323
0.684168
0.198273
2.39879
0.189326
0.526703
0.313802
0.131786
0.332098
0.29394
0.118463
0.661595
0.258459
0.0832727
0.895329
0.458719
0.413447
0.265877
0.499648
0.531821
0.441033
0.35429
0.179652
0.129526
0.0509937
0.767718
0.810251
0.213539
0.197368
0.275091
0.345356
0.542667
0.6972
0.140654
0.175962
0.445095
0.652209
0.456636
0.517904
0.129801
0.234202
0.206209
0.336235
0.450492
0.217576
0.267161
0.265372
0.367697
0.357987
0.528882
0.0621051
0.351126
0.406823
0.154615
0.435334
0.280166
0.338114
0.267078
0.413158
0.206087
0.9241
0.0680904
1.83369
0.429035
0.451984
0.214102
0.499289
0.958225
0.506056
0.210982
0.123842
0.230999
0.717921
0.453085
0.572617
0.338573
0.594162
0.441549
0.320287
0.162118
1.21048
0.165512
0.270489
0.313627
0.306681
0.237023
0.536088
0.406082
0.813298
0.660968
0.0446299
0.0391793
0.288861
0.355334
0.27273
0.1486
0.455346
0.42891
0.594447
0.8507
0.12018
0.533398
0.563833
0.119866
0.509983
0.750816
0.479093
0.69422
0.283191
0.629105
0.296402
0.140332
0.282904
0.0470782
0.306394
0.671895
0.485524
0.302003
0.211665
0.509074
0.261115
0.309766
0.152762
0.450988
0.439435
0.26683
0.479283
0.385596
0.142098
2.01989
1.06194
0.473385
0.141753
0.672275
0.288199
0.0899477
0.644288
0.168824
0.112186
0.267338
0.654757
0.516679
0.734191
0.520314
0.221432
1.19515
0.574327
0.0387181
0.983814
0.0680988
0.349188
0.0315508
0.221859
1.26441
2.21629
0.646565
0.756325
0.574412
0.39665
0.124655
0.459124
0.351168
0.50332
0.069579
0.301937
0.136284
0.42304
0.822451
0.98385
0.211692
0.0798677
0.626526
0.375128
0.380361
0.257782
0.364508
0.152204
1.10952
0.436288
0.394339
0.441189
0.51928
0.348924
0.689206
0.229651
0.331454
0.275044
0.293318
0.213651
0.200299
0.254378
0.520555
0.380937
0.595441
0.245555
0.983732
1.16808
0.483548
0.445607
0.419386
0.195425
0.179625
0.18454
0.776741
0.773017
0.152041
0.0376241
0.8189
0.240237
0.0749105
0.462245
0.125643
0.132697
0.185756
0.253996
0.767215
0.277695
0.268142
0.393211
0.25639
0.186229
0.359473
0.140404
0.562445
0.392022
0.383557
0.335847
0.559344
0.344823
0.199096
0.43738
0.160974
0.785939
0.322171
0.512896
0.848438
0.580239
0.198645
0.371024
0.464106
0.478449
0.599539
0.43697
0.667215
0.27181
0.707578
0.208272
0.233149
0.169106
0.589369
0.234326
0.368424
0.0872869
1.0715
0.382427
0.389728
0.287148
0.0985349
1.12009
0.251294
0.731702
0.328313
0.975417
0.388613
1.17637
0.524768
0.299864
0.931837
1.13059
0.0561067
0.651745
0.140649
0.0162793
1.41852
0.265023
0.594146
1.13446
1.08062
0.533287
0.273437
0.238465
0.671997
0.120691
0.628967
0.488166
0.498554
0.57726
0.178626
0.691311
0.144532
0.768096
0.198087
0.306295
0.190384
0.213827
0.415294
0.232726
0.31918
0.195997
0.321682
0.394936
0.237907
0.799124
0.525425
0.247259
0.0879783
0.694089
0.69436
0.415369
0.572543
1.04765
0.828058
0.170549
0.205044
1.41332
1.25154
0.900961
0.308046
0.352065
0.160057
0.169077
0.17251
0.268751
0.740764
0.0339941
0.142242
0.69912
0.357374
0.289588
0.0910319
0.647805
0.652085
0.262072
0.549304
0.198009
0.126134
0.455602
0.262351
0.286865
0.30248
0.015018
0.175013
0.386384
0.617918
0.192481
0.431573
0.211723
0.67908
0.433555
0.60905
0.476288
0.297492
0.77583
0.362407
0.223981
0.931501
0.037518
0.0813522
0.43082
0.155182
0.166802
0.475448
0.712448
0.432664
0.0567079
0.109664
0.196712
0.230895
0.875186
0.183857
0.376871
0.146807
0.220127
0.241002
0.429823
1.38914
0.369222
0.541312
0.34342
0.344785
0.458895
0.427858
0.586379
0.0800968
0.361233
0.323592
1.10888
0.663039
0.773456
0.397755
0.4931
1.09272
0.465373
0.878865
0.670907
0.231234
0.0939371
0.194498
0.226751
0.551763
0.380804
0.128466
0.292435
0.678559
0.355498
0.216031
0.0798178
0.757228
0.240155
0.236768
0.307618
0.244792
0.33584
0.271228
0.235881
0.527132
0.46031
0.29409
0.380675
0.617704
0.412244
0.333553
0.606702
0.226069
0.0175506
0.18516
0.273116
0.876313
0.452358
0.153758
0.34446
0.842296
0.332222
0.394146
0.278433
0.191384
0.0988406
0.764291
0.0390973
0.259243
0.350011
0.143783
0.696673
0.0124567
0.278438
0.0878828
0.0812204
0.935907
0.481811
0.754821
0.53326
0.130728
0.519124
0.226036
0.428867
0.3734
0.703214
0.212029
0.186734
0.7044
0.123409
0.512605
0.417643
0.393673
1.30074
0.195632
0.434496
1.35375
0.113336
0.216306
0.695214
0.306683
0.0285487
0.847288
0.324413
0.317559
0.983004
0.24949
0.440193
1.12116
1.06761
0.313016
0.245774
0.899572
0.348537
0.502414
0.115766
0.185844
0.296535
0.850221
0.183084
0.0691679
0.0766365
0.921502
0.024912
0.967466
0.438037
0.867531
0.468535
0.523624
0.107536
0.565834
0.446484
0.301885
0.349239
0.316305
0.430905
0.140724
0.0723551
0.36937
0.406842
0.463361
1.49504
0.434683
0.11435
0.164556
0.619503
0.119862
0.69711
0.714021
0.701422
0.374647
0.526785
0.542728
0.827825
1.10343
0.58485
0.157804
0.38176
0.346181
0.107979
0.0836074
1.14216
0.0672009
0.663796
0.180361
0.561016
0.128741
0.244597
0.663343
0.951878
0.513026
0.602677
1.21503
0.109197
1.43377
0.312973
0.951106
0.397407
0.440295
0.198125
1.07855
0.181949
0.750694
0.438317
0.938982
1.00375
0.256946
0.781524
0.338358
0.497527
0.0556852
0.297542
0.494032
0.34447
0.280664
0.176306
0.266616
0.242967
0.361588
0.411505
0.0810144
0.694945
0.319929
0.253596
0.0653057
0.24535
0.488792
0.311747
0.357262
0.655114
0.183757
0.599573
0.345527
0.49049
0.220069
0.113113
0.29534
0.975782
0.0402355
0.489797
0.415231
0.0671893
0.348147
0.219621
0.233021
0.156067
0.581126
0.682401
0.943112
0.225705
0.243603
0.509644
0.0448905
0.793658
0.585225
0.669348
0.13308
0.346216
0.597294
0.391457
0.962556
0.450848
0.538928
0.16694
0.595663
0.141241
0.715417
0.149103
0.177419
0.732762
0.513313
0.208918
0.179066
0.0455701
0.321974
0.383709
0.438392
0.567331
0.0221811
0.794658
0.0511559
0.814274
0.291591
0.943614
0.29838
0.36874
0.387712
0.100987
0.274611
0.492499
0.33172
0.25022
0.228498
0.115448
0.322511
0.768935
1.05362
0.73043
0.0608116
0.604882
0.237295
0.300905
0.51401
0.112611
0.592965
0.19592
0.623173
0.357513
0.267161
0.897464
0.243
0.590106
0.322966
0.306212
0.298541
1.33765
0.300511
0.0240858
0.23973
0.301232
0.896563
0.21498
0.580646
0.728266
0.800733
0.135684
0.128629
0.115887
0.613399
0.341864
0.472425
0.560951
0.263398
0.128408
0.309231
0.802007
0.148491
0.0564793
0.2705
0.844598
0.154135
0.309011
1.01905
0.125236
0.381943
0.480882
0.326541
0.308548
0.114884
0.168654
0.0681729
0.194588
0.543708
0.487744
0.267354
0.610535
0.0719303
0.290166
0.604345
0.123935
0.215605
0.161797
0.806088
0.356538
0.633361
0.437128
0.340867
0.0480184
0.885663
0.332108
0.428463
0.0557967
0.39865
0.834903
1.71656
0.454375
0.220986
0.463493
1.06911
0.181239
0.207844
0.342729
0.110563
0.197189
0.448241
0.00106255
0.668774
0.173849
0.20183
0.835967
0.164714
0.140323
0.580095
0.501684
0.661988
0.127453
0.429811
0.516448
0.396897
0.0114662
0.714132
0.672653
1.89511
0.197628
0.690967
0.407278
0.29875
0.194602
1.39727
0.558423
0.482478
0.465719
0.437605
0.305835
0.111067
0.419846
0.430641
0.151193
0.0660452
0.328011
0.876909
0.295506
0.0746495
0.279894
0.428971
0.971547
0.894321
0.659751
0.917853
0.660851
0.951995
0.184382
0.832175
0.263873
0.328145
0.401902
0.670333
0.76941
0.21581
0.363303
1.13864
0.610768
0.729454
0.193573
0.217754
0.263203
0.254348
0.329477
0.39785
0.421729
0.452315
0.428779
0.490287
0.0647592
0.337736
0.566287
0.440112
0.291711
0.524829
0.182922
0.690135
0.366616
0.168401
0.34624
1.19202
0.362284
0.222346
0.61223
0.305601
0.738575
0.259913
0.0710769
0.422739
0.072711
0.389354
0.402799
0.461263
0.379465
0.298015
0.331338
1.0147
0.669187
0.546776
0.173524
0.610008
0.0250645
0.422581
0.197676
0.536168
0.732504
0.798353
0.538618
0.484116
0.608375
0.814382
0.919366
0.404032
0.326965
0.0171531
0.18983
0.242913
0.46436
0.314788
0.209288
0.933009
0.669756
0.491741
0.235895
0.59569
0.0787798
0.293634
0.395156
0.207436
0.603914
0.187585
1.47367
0.281184
0.527019
0.662614
0.218179
1.03783
0.12468
1.15183
0.0457395
0.497538
0.549715
1.0072
0.301035
1.02454
0.199821
0.161962
0.413938
0.270458
0.196358
0.665526
0.653234
0.126054
0.377156
0.530981
0.177347
0.162897
0.31074
0.426728
0.34946
0.579687
0.363686
0.106374
0.196467
0.860408
0.2274
0.202068
0.211406
0.701956
0.527774
1.23502
0.341551
0.403959
0.610249
0.555758
0.795816
0.329311
0.123993
0.227155
0.337418
0.310366
0.210166
0.286226
0.536625
0.110305
0.23458
0.514336
0.314233
0.680474
0.0717911
0.443039
0.269515
0.380436
0.512615
0.340352
0.262033
0.399734
1.08133
0.524059
1.00313
0.161263
0.215905
0.374849
0.313345
0.0809088
0.0492708
1.55346
0.0826821
1.26675
0.243607
0.561555
0.525889
0.287772
0.826017
0.0411628
0.549258
0.154465
0.52791
0.588334
0.867941
0.0556625
0.214279
0.125567
0.434934
0.295231
0.190643
0.491346
0.351997
0.0147504
0.245591
0.509168
0.657791
0.754138
0.8574
0.0812841
0.653444
0.0732957
0.478939
1.02756
1.06896
0.213381
0.397327
0.348834
0.51179
0.358334
0.174978
0.176313
0.174284
0.035174
0.561575
0.877336
0.122761
0.534341
0.355031
0.0475291
0.104668
0.204689
0.234201
1.64239
0.259809
0.892553
1.01156
0.893444
0.390672
0.216663
0.445058
0.406463
0.224884
0.540981
0.409111
1.41661
0.22929
0.277818
0.508495
0.623818
0.0314463
0.481261
0.865952
0.177598
0.248605
0.103171
0.304589
0.115291
0.193062
0.822247
0.817623
0.685566
0.192164
0.901179
0.448102
0.357929
1.00207
0.462665
0.753742
0.434538
0.0306415
0.330454
0.872675
0.787734
0.258917
0.779659
0.207284
0.844004
0.34478
0.503295
0.916949
0.229734
0.651846
0.543509
0.279164
0.506971
0.258891
0.314481
0.812403
0.960485
0.317636
0.164287
0.23729
0.246301
0.24541
0.522599
1.17406
0.825978
0.482927
0.240794
1.26868
0.250525
0.557722
0.600377
0.257824
1.04927
0.992364
0.543387
0.343981
0.693749
0.378759
0.928945
0.452461
0.499803
0.766065
0.274758
0.286801
0.534634
0.675459
0.10394
0.346067
0.296225
0.18016
0.653229
0.23129
0.311868
0.514518
0.172036
0.606474
0.0573294
0.441781
0.0620358
0.518386
0.199226
0.183133
0.359971
0.472638
0.237049
0.579928
0.333128
0.564213
0.278849
1.39828
0.565444
0.169845
0.681628
0.117753
0.555336
0.34557
0.184655
0.252347
0.262136
0.272604
0.340933
0.704083
0.820932
0.345962
0.783811
0.552643
0.733895
0.136929
0.82786
1.16566
0.346982
0.768956
0.0878852
0.232819
0.255816
0.69071
0.168632
1.08396
0.156442
0.103539
0.253144
0.239466
0.378854
0.490244
0.254286
0.885643
0.606041
0.343364
0.053553
0.139904
0.18295
0.237685
0.196679
0.263373
0.277875
0.209336
0.382293
0.554501
0.605294
0.384076
0.155487
0.0732553
0.282625
0.651557
0.27155
0.312964
0.462701
0.139427
0.327472
0.356752
0.213802
0.773306
0.828296
0.445091
0.782431
0.156971
0.324404
0.583013
0.289854
0.151731
0.0620016
0.485612
0.258941
0.230774
0.507502
0.123401
0.272667
0.888694
0.175818
0.23155
0.554817
0.660184
0.149488
0.446547
0.531304
0.432913
0.276827
0.112132
0.744349
0.267949
0.31605
0.409964
0.204812
0.629242
0.932566
0.335607
0.690668
0.800339
0.324564
0.56289
0.219191
0.0864876
0.192296
0.27389
0.256614
0.818644
0.700051
0.259672
0.464843
0.181617
0.14488
0.308639
0.308267
0.398163
0.143682
0.837188
0.560034
0.186155
0.324321
1.25904
0.128141
0.0267826
0.580002
0.285714
0.696939
0.361097
0.396328
1.25905
0.35481
0.110557
0.208757
0.294083
0.795058
0.535208
0.0686821
0.152249
0.349199
0.0935391
0.0558494
0.616341
0.51178
0.313712
0.446739
0.0335279
0.218422
0.410722
0.615927
0.165514
0.74357
0.0989809
0.471594
0.170664
0.110394
0.112596
0.287363
0.682274
0.844728
0.0470576
0.454906
0.432547
0.333409
0.116481
0.341705
0.0330191
0.619934
0.0800825
0.142989
0.0188502
0.518434
0.325733
0.26279
0.383789
0.201031
0.702111
0.378297
0.768105
0.165709
0.811391
0.806829
0.329384
0.303809
0.399544
0.218605
0.339379
0.152675
0.340956
0.348321
0.204424
0.618199
0.241202
1.02369
0.103728
0.0681474
0.201809
0.217287
1.17114
0.365461
0.120919
0.203614
0.614409
0.528262
0.0573995
0.115543
0.365484
0.28928
0.328038
0.15406
0.439448
1.21126
0.195837
0.585182
0.125789
0.797595
0.179707
0.211413
0.250136
0.301631
0.601828
0.201001
0.446923
0.678077
0.998042
0.247233
0.523034
0.575102
0.330558
0.534553
0.309772
0.0746354
0.449709
0.140738
0.963652
0.349559
0.590398
1.32202
0.277866
0.814993
0.393435
0.507103
0.938538
0.334936
0.270909
0.654839
0.296891
0.21163
0.506008
0.17782
0.462965
0.0787297
0.119954
0.140027
0.581285
0.509853
0.218045
0.624618
0.189671
0.296371
0.188366
0.36663
0.187074
0.265272
0.241354
0.112089
0.21452
0.344773
0.23513
0.238508
0.583279
0.270461
0.674605
0.319707
0.617847
0.164897
0.610517
0.619396
0.607841
0.799827
0.313475
0.632131
1.64318
0.616917
0.618815
0.497969
0.802097
1.10726
0.218779
1.14541
0.379694
0.273242
0.943344
0.609099
0.684835
0.969878
0.287009
0.0472828
0.959957
0.446473
0.357684
0.0539677
0.397895
0.356413
0.559518
0.545639
0.333349
0.101076
0.505527
0.227307
0.378638
0.116278
0.798893
0.0847207
0.165559
0.398712
1.03113
0.0961314
0.496226
0.571057
0.689888
0.500405
0.450741
0.989078
0.154575
0.427775
0.365315
0.654445
0.146258
0.825465
0.594221
0.370936
0.503484
0.665742
0.478202
0.442795
0.421233
1.20746
0.0772198
0.424992
0.487852
0.25796
0.226281
0.293005
0.596336
0.376426
0.295669
0.661191
0.518563
0.219729
0.650901
0.444547
0.106902
0.234672
0.709018
0.628702
0.356024
0.203468
0.404116
0.525296
0.48366
0.421536
1.08491
0.382207
0.931778
0.305002
0.0700054
0.268158
0.315464
0.247739
0.167215
0.191399
0.421873
0.123549
0.23313
0.603296
0.15124
0.317577
0.840815
0.361506
0.617199
1.53536
0.474656
0.333232
0.141234
0.119983
0.110379
0.175153
0.867558
0.176868
0.541502
0.306082
1.43169
0.134228
0.314379
0.0705136
0.152359
0.311402
0.411977
0.184881
0.63894
0.507004
0.624937
0.0437864
0.887576
0.415925
0.567894
0.188401
0.368685
0.245326
0.581863
0.646329
1.4261
0.396382
0.373965
0.491159
0.256283
0.797623
0.657802
0.297061
0.0273704
0.310556
0.173882
0.235691
0.182948
0.570885
0.13613
0.328677
0.522634
0.26251
0.537475
0.336376
0.562957
0.514005
0.331879
0.110269
0.439105
0.329579
0.766215
0.400684
0.248197
0.857375
0.355196
0.603943
0.391417
0.234373
0.498126
0.375142
0.602715
0.402993
1.34912
0.373126
0.273417
1.06408
0.845227
0.395812
0.582679
0.438515
0.554574
1.27774
0.0671405
0.196068
0.351706
0.233614
0.413169
0.369014
0.353764
0.0395972
0.246078
0.66971
0.992353
0.826906
0.859469
0.180109
1.03099
0.285342
0.737285
0.351997
0.639368
0.0962544
0.0955248
0.107127
0.408126
0.132312
0.0732742
0.52932
0.382894
0.296371
1.03797
0.74243
0.189314
0.240145
0.24111
0.249947
0.50659
0.506776
0.418075
0.678063
0.0272066
0.385911
0.708104
0.11522
0.128944
0.170008
0.255391
0.114469
1.33996
0.638476
0.223879
0.265806
0.228988
0.192406
0.190576
0.489112
0.1284
0.671538
0.99157
0.133485
0.726145
0.30507
0.0998391
1.11731
0.53292
0.343484
0.723135
0.0804543
0.36382
0.250626
0.51474
0.124939
0.270978
0.797794
0.865027
0.117636
1.26747
0.310484
0.26996
0.908636
0.468463
0.0592871
0.252661
0.0441078
0.487052
0.200957
0.337399
0.262692
0.102335
0.273767
0.858793
0.366053
0.543899
0.348554
0.658069
0.275175
0.369163
0.0923867
0.702137
0.701769
0.996313
0.330739
1.09596
0.327787
0.42729
0.575342
0.526447
0.22072
0.112894
0.268951
0.427713
0.0333514
0.106759
0.360562
0.513879
0.371011
0.525671
0.285215
0.363285
0.149064
0.112366
0.643797
0.11635
0.362139
0.699021
0.546534
0.469728
0.300699
0.300466
0.116814
0.427107
0.433843
0.180445
0.70036
0.6624
0.350814
0.12267
1.18593
0.621678
0.185195
0.10413
0.489358
1.38399
0.823395
0.282728
0.471626
0.11275
0.818944
0.394251
0.189489
0.179038
0.474804
0.474366
0.12606
0.934186
0.420245
0.522596
0.231535
0.380084
0.418623
0.235043
1.25043
0.233441
1.32651
0.659785
0.458028
0.383164
0.311757
0.542919
0.35916
0.304322
0.139632
0.225838
0.92878
0.329205
0.448787
0.364687
0.277846
0.670563
0.285364
1.02318
0.255488
0.424881
0.0871341
0.397808
0.35146
0.617325
0.841283
0.524929
0.564877
0.414209
0.505468
0.509696
0.297536
0.548019
0.828884
0.293168
0.580805
0.140934
0.835533
0.188531
0.713629
0.179521
0.951733
0.200098
1.30779
0.700293
0.180689
0.294256
0.297385
0.179761
0.62079
0.222118
0.583731
0.204838
0.972455
0.439371
0.528449
0.349264
0.362569
0.469878
0.708371
0.459282
0.647888
0.260847
0.306344
0.252672
0.633032
0.176736
0.202598
0.369971
0.202743
0.378777
0.201755
0.551675
0.156357
0.80276
0.266239
0.198241
0.623426
0.168184
0.469197
0.379081
0.14271
0.0754965
0.0860132
0.555146
0.257475
0.175706
0.20285
0.372299
0.135172
0.226289
0.2477
0.681874
0.115419
0.304961
0.164041
0.0935152
0.731205
0.479242
0.342693
0.203764
0.144776
0.291187
0.973145
0.247788
0.851817
0.477122
0.395942
0.262181
1.06507
1.06388
0.204907
0.32556
0.0411579
0.257363
0.335284
0.534368
0.266263
0.544962
0.799443
1.71089
0.272233
1.11291
0.526214
0.575039
0.367982
0.121958
0.471263
0.739584
0.3958
0.150941
0.0377674
0.135792
0.131621
0.319228
0.298398
0.235504
0.198233
0.0900789
0.109007
0.525207
0.555702
0.159034
0.0831919
0.908588
0.375444
0.450381
0.150767
0.325774
0.377959
0.2118
0.300535
0.603881
0.535278
0.573272
0.497688
0.184746
0.720489
0.438711
0.750316
0.236816
0.352833
0.561944
0.121487
0.538131
0.308734
0.316822
0.145195
0.353865
0.469287
0.537921
0.154646
0.560705
0.684773
0.197165
0.796849
0.0623237
0.415086
0.672817
0.419345
0.93378
0.187179
0.129494
0.18546
0.287714
0.474979
0.440895
0.253797
0.126779
0.324865
0.700943
0.189369
0.327231
0.649982
0.397387
0.455126
0.105435
0.345503
0.446842
0.0958321
2.02933
0.0480667
0.420513
0.788148
0.0704068
0.362183
0.409438
0.67967
0.409819
0.291364
0.149856
0.097896
0.245936
1.9765
0.59153
0.460761
0.0590877
0.581197
0.963232
0.678139
0.50425
0.187584
0.12576
0.745524
0.251337
0.505927
0.696205
0.380893
0.58233
1.01739
0.186296
0.658247
0.198074
0.499592
0.661623
0.0810022
0.0548745
0.34609
0.367655
0.571913
0.294751
0.572073
0.738297
0.487231
0.423919
0.469576
0.309287
0.11556
0.515758
1.09055
0.415871
0.172479
0.445282
0.511238
0.160782
0.507427
0.150452
0.119758
0.154709
0.327761
0.239718
0.228579
0.595582
0.359994
0.270639
0.278007
0.182795
0.287584
1.26119
0.642733
0.0447241
0.620257
0.587559
0.271467
0.0687877
0.901245
0.598042
0.26125
0.289276
0.0960725
0.396625
0.121769
1.1178
0.0608639
0.668075
0.581833
0.0989184
0.383927
1.19314
0.378554
0.147335
1.32703
0.293887
0.111679
0.478962
0.63497
0.639094
0.900211
0.412145
0.556858
0.150725
0.519387
0.792446
0.477224
0.498296
0.362651
0.343047
0.335339
0.387646
0.618889
0.218771
1.00641
0.315625
0.101175
0.0934678
0.387289
0.15033
0.189391
0.0884327
0.344387
0.874153
0.308715
0.124661
0.232533
0.377839
0.631717
0.106367
0.154231
1.08057
0.611809
0.225884
0.279745
0.666312
0.0400919
0.307032
0.233781
0.556693
0.0809948
0.454398
1.11694
0.427059
1.39564
0.442407
0.104104
1.16818
0.399932
0.190912
0.168474
0.468003
1.68181
0.379333
0.319623
1.20998
0.221335
0.483898
0.399391
0.0899125
0.667311
0.327674
0.450861
0.116442
0.21854
0.292821
0.723983
0.559566
0.147419
0.710682
0.0926823
0.459496
0.279253
0.541406
0.578743
0.330851
0.567746
0.211408
0.385847
0.441495
0.324521
0.107087
0.368516
0.483805
0.500302
0.236436
0.0888627
0.362527
0.55343
0.858403
1.7611
0.105161
0.443524
1.0322
0.187972
0.623578
0.930926
0.113652
0.250413
0.692158
0.212581
0.15402
0.272392
0.481226
0.301489
0.479736
0.517617
0.391568
0.610646
0.107399
0.336118
0.839754
0.170282
0.466241
0.0940799
0.126063
0.155159
0.3608
1.16388
0.155847
0.192707
0.277647
0.156042
0.679871
0.155305
0.469323
0.314975
0.499678
0.130674
0.137679
0.631885
0.553356
0.487755
0.756135
0.511778
0.221966
0.171666
0.688424
0.427558
0.201995
0.420847
0.91843
0.204407
0.982744
0.830725
0.707281
0.379899
0.213345
0.229698
0.57972
0.914533
0.442273
0.67651
0.211921
0.495247
0.110645
0.561565
1.00688
0.269605
0.149613
0.0213365
0.547215
0.203889
0.237504
0.173486
0.215227
0.147592
0.308333
0.499396
0.188995
0.453355
0.952872
0.278018
0.19997
0.551422
0.697487
0.235169
1.09881
0.188753
0.710134
0.0519221
0.623702
0.559069
0.508188
1.16834
0.283283
0.303408
0.958606
0.367845
1.31646
0.122205
0.75353
0.256008
0.611066
0.0586002
1.18169
0.253428
0.271737
0.372295
1.45177
0.163437
0.202938
0.492614
0.390049
0.604555
0.0723921
0.397216
0.459068
0.175787
0.41615
0.0825694
0.654156
0.52679
0.706634
0.247474
0.288539
0.279205
0.993146
1.02185
0.0342438
0.682232
0.548114
1.62607
1.19729
0.366291
0.834674
0.314082
0.0826676
0.352284
0.411775
0.15256
0.0655329
0.918105
1.00277
0.505389
1.04423
0.254501
0.285503
1.07667
0.410218
0.39815
0.110015
0.858986
0.419515
0.524032
0.53874
0.520172
0.309785
0.696477
0.553847
0.383541
0.245169
0.101294
0.355158
0.0427704
0.525723
0.10443
0.150938
0.531805
0.126436
0.670283
0.101967
0.42829
0.423853
0.629523
0.304614
0.352464
0.922687
0.310274
0.208771
0.225629
0.432428
0.0516567
0.234207
0.193863
0.787727
0.823998
0.306072
0.33942
0.276643
0.0574992
0.795118
0.691117
0.345991
0.430993
0.0606526
0.480782
0.417454
1.02695
0.480596
0.427912
0.365914
0.381835
0.297118
0.364573
0.22671
0.273998
0.310756
0.540646
0.498578
0.25253
0.729439
0.35259
0.596234
0.099798
0.790414
0.135027
0.405449
0.157116
0.504057
0.129449
0.0771951
0.42777
0.429426
0.364517
0.459026
0.406217
0.465149
0.738889
0.27521
0.792343
0.600568
0.324917
0.275122
0.328172
0.484049
0.305451
0.147408
0.249253
0.271872
0.118996
0.159763
2.10911
0.227467
0.428633
0.771438
0.538892
0.606301
0.438536
0.21723
0.393911
0.365739
0.512435
0.268383
0.635341
0.437514
0.574858
0.281925
0.525335
0.146988
0.372022
0.511525
0.170889
0.121684
0.313137
0.419961
0.488781
0.0162206
0.544263
0.0763324
0.329104
0.79164
0.162927
0.876049
0.444299
0.0476853
0.499941
0.217285
0.643304
0.537163
0.199004
0.353958
0.551544
0.326331
0.840067
0.179451
0.131175
0.129448
0.622723
0.441772
0.321089
0.108034
0.263813
0.251677
1.22063
0.0988499
0.2149
0.576878
0.479143
0.673466
0.308818
0.0403049
0.991977
0.542554
0.39517
0.61889
0.0676746
0.556695
0.0880257
0.416123
0.326433
0.574788
0.181058
0.150758
0.85782
0.469744
0.592268
0.780815
0.247424
0.361259
0.363769
2.56977
0.656664
1.50647
0.719553
0.60478
0.0431181
0.334943
0.488216
0.691587
0.333405
0.812685
0.448801
0.580686
0.120143
0.529244
0.788826
0.491945
0.316725
0.405852
0.587617
0.19659
0.412044
0.704867
0.618729
0.956007
0.2535
0.203859
0.310588
0.414981
0.229145
0.47768
0.310143
0.112769
0.952372
0.57516
0.227508
0.206569
0.784042
0.166307
0.323922
0.173373
0.907613
0.652439
0.443475
0.435856
0.209034
0.401891
0.492969
0.390553
0.232938
0.199802
0.362517
0.369394
0.695749
0.423425
0.328278
0.0733818
0.195315
0.609421
0.281184
0.761564
0.293095
0.0854448
0.763307
0.214438
0.0227089
0.218566
0.29162
0.139565
0.247455
0.215472
0.208272
0.23925
0.0778744
0.300006
0.381417
0.419075
0.784739
0.774591
0.27603
0.667594
1.01352
0.874874
0.218696
0.301312
0.630173
0.711461
0.462887
0.505107
0.252934
0.593032
0.183994
0.637465
1.18292
0.280548
0.202098
1.45086
0.17886
0.132539
0.548518
0.176978
0.369678
0.286742
0.256285
0.507154
0.230097
0.0986048
0.167521
0.255487
0.313146
0.406933
0.155714
0.339198
0.191456
0.35197
0.565625
0.878058
0.445935
0.332497
0.236797
0.281756
0.198349
0.517733
0.408095
0.0136373
0.576878
0.132749
0.461325
0.374156
0.198736
0.909808
0.712457
0.232568
0.888571
0.610896
0.270884
0.278669
1.05023
0.75967
0.917428
0.432231
1.32723
0.100513
0.195635
0.341598
0.265751
0.291807
0.405627
0.245241
0.257551
0.277753
0.0380209
0.234452
0.138736
0.748627
0.18418
0.658489
0.0461207
0.66044
0.146939
0.626
0.50754
0.326855
0.29451
0.340728
0.196886
0.820779
0.994213
0.411671
0.179447
0.603778
0.632139
0.283103
0.543468
0.196327
0.119306
0.387422
0.422087
0.153112
0.380044
0.353207
0.0559104
0.384532
0.203565
0.137833
0.422512
0.55267
0.0112546
0.338683
0.492247
0.183755
0.215764
0.0553262
0.705563
1.01639
0.563444
0.28232
0.464702
0.838165
0.585336
0.403801
0.460065
0.523248
0.219803
0.482859
0.223233
0.94107
0.45694
0.475504
0.32408
0.532305
0.15943
0.290176
0.601087
0.493584
0.480859
0.153512
0.316048
0.117237
0.188081
0.534631
0.507455
0.55362
0.577474
0.40697
0.868707
0.30135
0.131574
0.44619
0.614923
0.360057
0.282138
0.397433
1.12554
0.378834
0.557243
1.2008
0.0967513
0.211589
0.347277
0.0967139
0.234415
0.708973
0.918677
0.327432
1.00933
0.178289
0.285136
0.499938
0.163424
0.266132
0.156228
0.255377
0.40855
0.364497
0.167711
0.118074
0.466113
0.166429
0.247754
0.238401
1.12053
0.541475
0.337943
0.394521
0.0964175
0.569778
0.310201
0.334993
0.511153
0.495031
0.883876
0.1261
1.6098
0.670665
0.178798
1.21002
0.605504
1.46352
0.470839
0.274453
0.455974
0.310748
0.423839
0.185935
0.257667
0.40709
0.420815
0.720773
0.543427
0.389014
0.441725
0.244242
0.238457
0.845026
0.0489755
0.486736
0.420456
0.0863474
0.254994
0.647924
0.763277
0.163792
0.121528
0.219529
0.34464
0.431058
0.100518
0.199366
0.342484
0.274622
0.638101
1.21092
0.201481
0.62159
0.779773
0.392269
0.687561
0.111192
0.306443
0.397976
0.269005
0.415654
0.535698
0.9628
0.337655
0.117345
0.265441
0.532891
0.26213
0.164982
0.405999
0.799498
0.415911
0.557078
0.0773786
0.41238
0.730809
0.635518
0.104099
0.645596
0.370761
0.327504
0.733013
0.800279
0.370078
0.181469
0.399546
0.154532
0.120002
0.505724
0.361206
0.223842
0.204723
0.267327
0.0638552
0.184563
0.194797
0.410067
0.307936
0.0846529
0.68016
0.768684
0.336831
0.743762
0.565033
0.234965
0.155352
0.624636
0.249721
0.290996
0.840959
0.266106
0.523714
0.284651
0.251537
0.168262
0.130513
0.146824
0.457284
0.424867
0.519129
1.1074
0.167025
1.18879
0.140845
0.859471
1.00435
1.93277
0.301804
0.350234
0.481314
0.282469
0.481973
0.270469
0.123531
0.864048
0.214652
0.913511
0.117731
0.572547
1.10634
0.976791
1.35552
0.130717
0.158542
0.0922275
0.455141
0.599143
0.294075
0.72683
0.413817
0.15606
1.06018
0.102125
1.29605
0.214812
0.328339
0.0781572
0.167726
1.0814
0.0297999
0.249711
0.346475
2.06969
0.160037
1.40521
0.452456
0.437916
0.339471
0.237087
1.13028
0.394683
0.263394
0.231111
0.226256
0.154658
0.147869
0.759671
0.637651
0.381358
0.274767
0.608941
0.286442
0.211295
0.54247
0.0701675
0.209231
0.255765
0.266205
0.319579
0.373773
0.213013
0.227241
0.300178
0.0282783
0.180321
0.248714
0.798385
0.515605
0.228337
0.77299
0.375694
0.609732
0.122248
0.616833
0.133021
0.13575
0.999213
0.297211
0.330337
0.140272
0.169105
0.260328
0.363889
0.08003
0.367054
1.4329
0.896546
0.134887
0.00172108
0.58899
0.436216
0.403826
0.120916
0.173883
0.196964
0.0654504
0.242179
0.235515
0.497998
0.908877
0.253322
0.466288
0.204863
0.914635
0.0383194
0.117788
0.132442
0.16981
0.154775
0.412529
0.748236
0.319468
0.768096
0.615135
0.322581
1.46812
0.203937
0.353266
0.307294
0.524053
0.667085
0.481475
0.535423
0.364536
0.915554
0.0124
0.444015
0.123914
0.474918
0.781084
0.298977
1.09389
0.237375
0.490473
0.237562
0.6898
0.741215
0.368737
1.26386
0.667679
0.458811
0.332625
0.683226
0.250609
0.965424
0.307551
0.523336
0.365321
0.324379
0.0908946
0.129355
0.230126
0.0161307
0.72392
1.14418
0.625384
0.325462
0.0804635
0.137187
0.114495
1.96475
0.208231
0.556965
0.182817
0.602889
0.293229
0.266477
0.396219
0.682126
0.500158
0.659562
0.200866
0.418302
0.41517
0.332787
0.285231
0.211823
0.388034
0.0443451
0.993381
0.589537
0.303478
0.0630299
0.274051
0.391206
0.416607
0.189686
0.491093
0.129151
0.083453
0.0549969
0.376667
0.896363
0.492863
0.132834
0.143155
0.738176
0.275612
0.394165
0.283965
0.678725
0.265393
0.576542
0.133602
0.326977
0.12979
0.534517
0.202131
0.15671
0.372682
0.578495
0.170912
0.0916194
0.296227
0.470076
1.12378
0.897385
0.460827
0.318344
0.133921
0.758514
0.165239
0.475699
0.213637
0.353084
0.048748
0.72568
0.433205
0.455995
0.159809
0.322832
0.329995
0.437968
0.706638
0.565542
0.614543
0.318207
0.205247
0.262445
0.10659
0.280561
0.157697
0.11136
0.313655
0.470698
0.370513
0.50177
0.332106
0.269964
0.0665606
0.28521
0.55202
0.214262
0.147777
0.0295176
0.183242
0.164358
0.157141
0.218914
0.454762
0.315573
0.132107
0.80049
0.439625
0.143033
0.212872
0.842728
0.520023
0.114441
0.51719
0.107275
0.15023
0.217689
0.0360257
0.154219
0.305206
0.310861
0.46449
0.0623941
0.337951
0.102222
0.437153
0.30602
0.419507
0.0974776
0.219057
0.217275
0.370768
0.364039
0.264512
0.578154
0.410215
0.313893
0.53648
0.262304
0.684842
1.25694
0.13145
1.00547
0.267305
0.186491
0.25701
0.43735
0.814379
0.395807
0.110951
0.708712
0.177788
0.181105
0.131723
0.780481
0.897843
0.113522
0.552471
0.838636
0.575652
0.255495
0.502187
0.315403
0.271002
0.381047
1.34608
1.08021
0.183263
0.276603
0.43324
0.754229
0.252166
0.431643
0.911688
0.660023
1.27917
0.770892
0.129665
0.549423
0.62846
0.465318
0.254003
0.44762
0.999539
0.387549
0.486613
1.24256
0.157149
0.435893
0.0550975
0.289079
0.409302
0.231306
0.351674
0.326023
0.747713
0.555066
1.29601
0.713977
0.78459
0.12022
0.319562
0.377564
0.0760184
0.0879952
0.161484
0.288276
0.25472
0.13587
0.293228
0.430988
0.546394
0.239769
0.924392
0.131245
0.437387
0.981776
0.0896249
0.848483
0.237981
1.24923
0.755076
0.23139
0.121292
0.303878
0.55131
0.253651
0.376855
0.389481
0.496818
1.02259
0.195153
0.273677
0.265562
0.589404
0.119002
0.242296
0.102722
0.161862
0.538619
0.668313
1.39039
0.151603
0.309594
0.125598
0.427343
0.241075
0.0835487
0.144377
0.350792
0.215045
0.783379
0.168237
0.645705
0.891671
0.308083
0.715388
0.218783
1.01315
0.745411
0.240528
0.107465
0.39898
0.508215
0.85737
0.524678
1.16685
0.282502
0.165123
1.54597
0.138913
0.60603
0.817859
0.17474
0.952351
0.605888
0.0998666
0.105276
0.928045
0.386713
0.414998
0.225018
0.441131
0.417948
0.376508
0.350571
0.340619
0.264693
0.235881
0.285655
0.124828
0.43676
0.0389639
0.17973
0.341099
0.477008
0.355664
0.357319
0.161203
0.30494
0.664928
0.49315
0.38534
0.114595
0.726694
0.279033
0.0405981
0.388791
0.0655811
0.33211
0.52693
0.2281
0.415633
0.469059
0.321635
0.830555
0.320825
0.647223
0.397434
0.0579278
0.114648
0.304607
1.10696
0.243348
0.234324
0.0971983
0.47056
0.283406
0.327195
0.390081
0.296695
0.068979
0.35437
1.43155
0.151856
0.0500679
0.37808
0.254094
0.156141
0.682999
0.0506541
0.322017
0.124688
0.475102
0.520154
0.174442
0.539036
0.484397
0.501426
0.0628675
0.46686
0.396291
0.394614
0.236427
0.540284
0.176829
0.515145
0.707684
0.338625
0.950169
0.749294
0.532322
0.319381
0.265033
0.446577
0.161861
0.479371
0.61509
0.140094
0.501868
0.865358
0.232046
0.17828
0.292054
0.032942
0.391556
0.677724
0.478714
0.609083
0.0926581
0.490481
0.801447
0.433046
0.430455
0.221544
0.0867931
0.883587
0.366242
0.348468
0.477166
0.528981
0.857856
0.180895
0.196123
0.319574
0.204487
0.0436327
0.474922
1.32245
0.603009
1.15975
0.375784
0.480599
0.605637
0.414349
0.602981
0.48168
0.542082
0.688778
0.715818
0.243847
0.344705
0.107793
0.695214
0.250429
0.440635
0.146284
0.265967
0.879214
0.124901
0.191424
0.375864
0.124161
0.113959
0.605788
0.20363
0.542796
0.405595
0.490196
0.495598
0.534806
0.847693
0.990328
0.198124
0.15303
0.187824
0.861023
1.23436
0.390991
0.643145
0.108108
0.0659412
1.13167
0.0644053
1.21831
0.370848
0.0431094
0.316159
0.577533
0.16742
0.183557
0.12271
0.459055
0.211051
0.192952
0.101642
0.16204
0.132628
0.153405
0.936206
0.306667
0.0135409
0.467742
0.484541
0.114737
0.420946
0.604291
0.922535
0.740225
0.246176
0.0992499
1.62111
0.10324
1.10728
0.108385
0.357291
0.176316
0.357908
0.217792
0.432451
0.0984619
0.0422414
0.622213
0.426858
0.372672
0.442053
0.875526
0.253367
0.607875
0.923255
0.542289
0.254423
0.0607622
0.194313
0.224712
0.331757
0.30009
0.253901
0.9082
0.256963
0.214136
0.215668
0.167276
0.297372
0.128299
0.700659
0.0507894
0.372015
0.407927
0.26873
0.147257
0.455585
0.563731
0.241924
1.02443
0.656544
0.333685
0.113316
0.808387
0.208807
0.353467
0.785731
0.761542
0.261944
0.0407153
0.867679
0.170336
0.525549
0.413564
0.186346
0.497675
0.0905732
0.2019
0.147967
0.46521
0.559622
1.02845
0.168563
0.540692
0.246665
0.197655
0.203994
0.52244
0.374662
0.0488944
0.30597
0.0353836
0.518133
0.176517
1.7382
0.0793517
0.105451
0.150609
0.472469
0.457136
0.952368
0.813662
0.451856
0.507237
0.0662697
0.141306
0.14087
0.211285
0.252469
0.0852784
0.74861
0.286632
0.337731
0.0619892
0.157974
0.110493
0.17492
0.363532
0.215138
0.173643
0.170221
0.645219
0.0724805
0.453764
0.345937
0.0825994
0.0958382
0.519798
0.0502696
0.123444
0.630939
0.244564
0.342609
0.632951
0.294318
0.290346
0.581665
0.276237
0.321531
0.110353
0.148081
0.182262
0.639747
0.251278
0.759568
0.238185
0.0590222
0.223465
0.357384
0.282776
0.855591
0.598137
0.139611
0.362919
0.963783
0.38124
0.181976
0.341092
0.702999
0.579905
0.499871
0.678741
0.346793
0.227333
0.208328
0.310503
0.101532
0.141438
0.640488
0.862709
0.148162
0.500491
0.201083
1.26824
0.072575
0.129684
0.0269046
0.210554
0.926782
0.0231713
0.468365
0.411752
0.575185
1.09158
0.808129
0.745241
0.4357
0.497575
0.883216
0.739408
0.116547
0.372494
0.513148
0.653139
0.101061
0.342186
0.646377
0.2637
0.353502
0.453738
0.510701
0.141874
0.657786
0.654759
0.735428
0.480369
0.104785
0.277838
0.195901
0.414169
0.268691
0.160007
0.305813
0.349946
0.217758
0.453625
0.541571
0.620885
0.883269
1.81831
0.552966
0.511656
0.0923461
0.0900508
0.652014
0.267469
0.277365
0.135233
0.216721
0.0816809
0.383925
0.610899
0.352533
0.254522
0.405052
0.18993
0.364967
0.409785
0.460271
0.696474
0.640186
0.681664
0.128916
0.472958
0.311582
0.166089
0.518577
0.463402
0.67595
0.389405
0.238372
0.658455
0.29703
0.690669
0.4719
0.123062
0.194439
0.0992458
0.108779
0.635071
0.274699
0.246229
0.131426
0.375345
1.51472
0.689206
0.36524
0.313138
0.401301
0.790837
1.29428
0.797522
0.970228
0.583272
0.207282
0.672586
0.444709
0.300259
0.40347
0.488541
0.300432
1.48919
0.0457607
0.63571
0.328247
0.208839
0.477127
0.302674
1.07916
0.277327
0.326296
0.0619014
0.796569
0.308837
0.176069
0.214491
0.320684
0.384249
0.306589
0.4828
0.660182
0.0829146
0.179829
0.274741
0.887774
0.927556
0.16014
0.767648
0.826135
0.361898
0.363829
0.150629
0.429257
0.0946779
0.135988
0.535512
0.458826
0.2295
0.465976
0.532704
0.624963
0.112341
0.0850739
0.210015
0.973769
0.680633
0.878112
0.872436
0.737546
0.471939
0.116469
0.0825218
0.440359
0.513004
0.442275
0.498486
0.271631
0.451053
0.0386801
0.573051
0.119187
0.138562
0.331224
1.30623
0.200256
0.217216
0.107127
0.243556
0.412923
0.27645
0.287877
0.0933377
0.211717
0.289459
0.0561308
0.528768
1.04103
0.232892
0.131011
0.696106
0.873351
0.227846
0.417117
0.249905
0.628096
0.557124
0.536429
0.156146
0.167665
0.400536
0.253053
0.0887362
0.0675822
0.551573
0.593493
0.202246
0.0343919
0.304391
0.411405
0.199085
0.687276
0.15158
0.0935651
0.252971
0.299914
0.210377
0.300395
0.352439
0.768417
0.269696
0.469088
0.332598
0.269327
0.37821
0.833353
0.662169
1.20498
0.253423
0.529258
0.443813
0.275944
0.423623
0.811433
0.265916
0.160002
0.416469
0.460094
0.225909
0.251467
0.446969
0.392052
0.0780504
0.190929
0.254478
0.507192
0.527529
0.397842
0.313008
0.527004
0.296656
0.685156
0.240999
0.702609
0.19394
0.0181444
0.395984
0.899503
0.0594682
0.295103
0.00839898
0.272282
0.109233
0.318626
0.0918826
0.0768089
0.198436
0.77614
0.45358
0.210687
0.188644
1.26174
0.0499696
0.145678
0.0523924
0.348256
1.10878
0.234558
0.639657
0.915195
0.227752
0.352064
0.825887
1.05335
0.652544
0.70802
0.331194
0.19771
0.14784
0.275378
0.416835
0.195101
0.204927
0.451936
0.60222
0.68939
0.427981
0.30001
0.700663
0.503077
1.29168
0.658973
1.25728
0.864765
0.141969
0.62489
0.162998
0.259885
0.328511
0.52863
0.711288
0.176417
0.415005
1.02294
0.293841
0.325458
0.154336
0.415073
0.91029
0.296963
0.546708
0.476241
0.976768
0.325279
0.206381
1.27264
0.297989
1.43443
0.26052
0.340443
0.644464
0.212655
0.880346
0.796528
0.444492
0.224607
0.636793
0.463549
0.584054
0.21348
0.106177
0.743532
0.484147
0.141422
0.372139
0.151225
0.112528
0.103275
0.0451262
0.0215672
0.217738
0.316497
1.12444
0.671801
0.959889
1.13681
0.231816
0.623324
0.30447
0.382041
0.475671
0.256334
0.254297
0.580778
0.401871
0.344021
1.48098
1.04425
0.943832
1.61358
0.232653
0.528087
0.37579
1.25294
0.337396
0.264566
0.255409
0.808342
0.360732
0.476377
0.176347
0.244604
0.382941
0.119779
0.242608
0.632731
0.60105
1.00629
0.412833
0.328748
0.0931382
0.74702
0.144543
0.0709369
0.667828
0.121746
0.129002
0.670074
0.703091
1.18074
0.276499
0.645378
1.27614
0.856066
0.302657
0.172488
0.520851
0.756856
0.0471382
0.411752
0.0470646
0.268861
0.157753
2.07016
0.498372
0.231739
0.257179
0.229615
0.584611
0.695994
0.184905
0.325129
0.49172
0.471924
0.148608
0.369393
0.621118
0.15758
0.406326
1.15665
0.455968
0.234088
0.721308
1.45477
1.02614
0.461503
0.283662
0.32266
0.297602
0.0504337
0.822859
0.557599
1.43014
0.641869
0.997551
0.640515
0.509833
1.00785
0.237547
0.142905
0.34201
0.253522
0.174341
0.201657
1.40528
0.138121
0.606788
0.0914799
0.123722
0.210985
0.280038
0.505777
0.594585
0.471073
0.0787611
0.122746
1.20713
0.932736
0.436141
0.396357
0.102302
0.222876
0.800479
0.209083
0.189992
0.386132
0.0526939
0.495314
0.115843
0.24179
1.17706
0.309153
0.201731
0.530049
0.1035
0.723343
0.5361
0.279962
0.244617
0.0601066
0.203604
0.197287
0.360218
0.408367
0.620984
1.01096
0.881706
0.668431
0.183597
0.0978688
0.0647192
0.189472
0.960941
0.282626
0.803892
0.446199
0.63073
0.512531
0.912596
0.512587
1.11793
0.111025
0.101425
0.232064
0.324195
0.447642
0.758798
0.219717
0.783345
0.470613
0.239046
0.923544
0.200768
0.156225
0.363788
0.790533
0.315093
0.317628
0.33603
0.253317
0.506486
0.0524552
0.312705
0.106984
0.401942
0.544586
0.290403
0.104583
0.294657
0.938239
1.35364
0.185747
0.270634
0.293944
0.807752
0.26349
0.495516
1.09035
0.0678841
0.119794
0.363611
0.355937
0.585818
0.235125
0.183508
0.0929378
0.899648
0.254953
0.359024
0.400842
0.541567
1.02804
0.137135
0.149631
0.774975
0.635244
0.394595
0.24445
0.485867
0.576573
0.100131
0.306422
0.0671689
0.848868
0.25533
0.405888
0.279111
0.180748
0.184144
0.272606
0.564607
0.105097
0.51487
0.158478
0.563434
0.465415
0.18336
0.410217
0.125634
0.32393
0.0392921
0.0464883
0.337112
0.274743
0.488296
0.468069
0.351098
0.329864
0.688148
0.283761
0.314387
0.137357
0.501264
0.3523
0.327808
0.205804
0.567785
0.646809
0.836102
0.660217
0.990481
0.182246
0.269792
0.594629
1.32477
0.231677
0.592993
0.336085
0.1318
0.172606
1.00291
0.0930195
0.746144
0.652945
0.338577
0.15338
0.0795717
0.0852056
0.290152
0.635031
0.650809
0.385328
0.29348
0.711737
0.87332
0.845101
0.189244
0.547831
0.552833
0.301717
0.351118
0.245952
0.157954
0.185469
0.347365
0.588683
0.718645
0.391089
1.2436
0.294827
0.465045
0.378092
0.130181
0.24207
0.349667
0.209607
0.623068
0.074275
0.128398
1.32599
0.645998
0.211104
1.01004
0.0745642
0.18685
0.490411
0.274601
0.981726
0.63322
0.128211
0.143106
0.110626
0.888141
0.655664
0.972425
0.167749
0.312811
0.503383
0.0470357
0.184347
0.434968
0.120112
0.624138
0.12903
0.195665
0.133291
0.744555
0.258699
0.246319
0.339252
0.144977
0.218334
0.582139
0.6969
1.0442
0.294598
0.70886
0.201198
0.208818
0.720248
0.216348
0.662603
0.65472
0.182349
0.289856
0.22273
0.214062
0.436258
0.95321
0.40803
0.465611
0.0744663
0.622941
0.417375
0.447633
0.239563
0.627733
0.172958
0.470464
0.417741
0.362683
0.312805
0.553533
0.110278
0.846071
0.35317
0.186424
0.945296
0.150669
0.818334
0.734216
0.274227
0.113255
0.216488
0.0299958
0.283986
0.777507
0.146819
0.333226
0.34123
0.645852
0.203831
1.00203
0.487248
0.175799
0.240997
0.65664
0.387504
0.727071
0.0975262
0.554135
0.192379
0.292887
0.279508
0.545417
0.422517
0.276694
0.307503
0.708608
0.431469
0.208721
0.465685
0.297341
0.209297
0.404285
0.208349
0.361752
0.670803
0.362633
0.361346
0.224067
0.0637983
0.232353
0.569719
0.38001
0.319688
1.41424
0.119281
0.209104
0.491191
0.559008
0.134571
1.1648
0.0791615
0.289731
0.0491086
0.0806875
0.167243
0.113704
0.735884
0.325109
0.441939
1.90568
0.449017
0.152564
0.479312
0.505641
0.771112
0.0623703
1.60699
0.258279
0.250925
0.257979
0.138278
0.171287
0.123589
0.137387
0.269285
0.0831933
0.143022
0.121441
0.711581
0.432763
0.110508
0.448334
0.362431
0.185365
0.577996
0.498194
0.303547
0.0632482
0.796868
0.0145852
0.418841
1.32214
0.0691317
0.634255
0.145326
0.173437
0.234067
0.14531
0.124075
0.187906
0.392625
0.16514
0.411015
0.395039
0.105224
1.01067
0.621317
1.16363
0.332527
0.431733
0.390508
0.62519
0.208036
0.30516
0.277722
0.391582
0.273265
0.0578639
0.0990298
0.145463
0.231052
0.525269
0.299513
0.697397
0.13504
0.373574
1.14928
0.39627
0.75859
0.363499
0.306074
0.0404205
0.238006
0.640824
0.158154
0.260171
0.342062
0.812496
0.226254
1.3117
0.312302
0.754663
0.327485
0.170176
0.301247
0.987061
0.252522
0.181866
0.250876
0.181904
0.590989
0.092737
0.216318
0.0613025
0.483647
0.293878
0.0907544
0.0466667
0.474726
0.0522069
0.343294
0.945656
0.717002
0.128867
0.139984
0.184332
0.22833
0.422632
1.02579
0.602818
0.148342
0.315854
0.43341
0.16403
0.0578113
0.139132
0.645308
0.505974
0.210398
0.0532296
0.489759
0.0211539
0.33005
0.199197
0.224476
0.55515
1.20191
0.0106703
0.776438
0.764292
0.320232
0.197278
0.586144
0.686667
0.567846
0.551195
0.583033
0.099436
0.0817628
0.723333
0.283711
0.442475
0.262125
0.371505
0.408476
0.777286
0.469131
0.20676
0.273744
0.259564
0.169118
0.251968
0.460961
0.444289
0.657472
0.492064
0.358235
0.38865
0.794402
0.707982
0.338178
0.548428
0.204951
0.247227
0.512453
0.127026
0.236767
0.499462
0.679418
0.151602
0.528607
0.0490258
0.486232
0.332505
0.504098
0.656788
0.979907
0.247055
0.401078
0.401995
0.0746126
0.487072
0.240414
0.694324
0.109046
1.10992
0.300899
0.593462
0.514596
0.352215
0.261994
0.657126
0.290528
0.800301
0.219748
0.23126
0.450044
0.183144
1.29907
0.457751
0.236195
0.245624
0.141933
0.637534
0.296537
0.363662
0.501882
0.562768
0.430234
0.539773
0.145665
0.52269
0.256643
0.336664
0.211139
0.473494
0.402838
0.0884077
0.70817
0.57844
0.328679
0.123425
0.725901
0.103042
0.544852
0.223385
0.342957
0.318899
0.148348
0.700186
0.76178
0.318924
0.473271
0.402942
0.277607
0.315271
0.570205
0.138712
0.916382
0.373251
0.271121
0.119875
0.191463
0.572986
0.0820031
0.255884
0.536422
0.232817
0.258568
0.230885
0.783062
0.14672
0.336086
0.0833148
0.468948
0.0763913
0.721038
0.245906
0.0568714
0.36887
0.324054
0.393201
0.438038
0.420946
0.467813
0.680064
0.351614
0.75242
0.329311
0.431414
0.134161
0.405459
0.142708
0.332392
0.464648
0.635422
0.571825
0.478695
0.370471
0.20543
0.541981
0.0519758
0.505778
0.151745
0.185334
0.238453
0.489302
0.11995
0.306353
0.592076
0.452873
0.62933
0.999367
0.327017
0.0575297
0.878331
0.823028
0.509355
0.368213
0.586638
0.0264954
0.155086
0.263512
0.143157
0.167714
0.219832
0.321028
0.497333
0.0996502
0.36871
0.252183
0.303639
0.223472
0.400615
0.249212
0.528416
0.0858796
0.771247
0.205761
0.227148
0.600792
0.135575
0.345857
0.741984
0.276791
0.275594
0.449404
0.645143
0.561741
0.326608
0.240023
0.815041
0.170987
0.914266
0.252951
0.358929
0.960844
0.281464
0.338974
0.239369
0.619141
0.210612
1.15342
0.824422
0.237529
1.05016
0.502189
0.553052
0.628885
0.194927
0.411867
0.289625
0.153901
0.318634
0.385757
0.382528
0.499916
0.18605
0.215283
0.394842
0.212905
0.737686
1.3056
0.127869
0.0434959
0.15476
0.482627
0.76522
1.21336
0.209364
0.380742
0.093681
0.712192
0.18477
0.681627
0.182999
0.316197
0.77597
0.343782
0.311878
0.427467
0.141869
1.58946
0.562001
0.715096
0.402468
0.523046
0.0756892
0.722795
0.263441
0.282211
0.558568
0.182041
0.505388
1.1679
0.908413
0.299581
0.620315
0.373592
0.754036
0.190474
0.101004
0.403573
0.189662
0.754695
0.194248
0.259766
0.165304
0.157392
0.26956
0.147701
0.864028
0.296295
0.209786
0.527946
0.654616
0.264103
0.105965
0.101824
0.684115
0.352473
0.321576
0.0597499
0.687061
0.0703945
0.288239
0.930925
0.563299
1.02688
0.0952553
1.02792
0.577709
0.78205
0.279413
0.551212
0.271496
0.371623
0.898423
0.253971
0.931332
0.393503
0.273677
0.183252
0.642841
0.621286
0.271401
0.533276
0.099369
0.0612362
0.0856762
0.327802
0.122264
0.100882
0.103778
0.281807
0.382721
1.0589
0.411537
0.565694
0.246057
0.547427
0.0156266
0.250755
0.477664
0.357227
0.14894
0.302826
0.255576
0.503751
1.01991
0.643502
0.363151
1.25651
0.323183
0.274497
1.30632
0.922191
0.420475
0.453656
0.0967178
0.204497
0.364528
0.506434
0.150784
0.14726
0.930294
1.39989
0.148057
0.366617
0.284277
0.107759
0.0546702
0.146764
0.656028
0.456333
0.107748
0.139217
0.572457
0.193053
0.254939
0.736726
0.497943
0.862895
0.485646
0.314301
0.185946
0.143179
0.262091
0.730693
0.120846
0.653647
0.376127
0.120025
0.288037
0.269047
0.703333
0.155886
0.470881
0.100471
0.312482
0.237409
0.390364
0.508307
0.255163
0.194236
0.17265
0.263117
0.511696
0.126983
0.34354
0.501766
0.231324
0.0992387
0.106907
0.84138
0.375031
0.22627
0.0434223
0.532913
0.439207
0.75272
0.293102
0.675483
0.0906458
0.478504
0.111063
0.565115
0.914486
0.208236
0.509505
0.236283
0.491395
0.725825
0.419112
0.547968
1.05748
0.469592
0.563272
0.534002
1.77373
0.606469
1.43981
0.202036
0.108961
0.567657
0.350188
0.410428
1.1943
0.220033
0.105802
0.223936
0.267345
0.168571
0.561366
0.652715
0.329674
0.301428
0.330679
0.189863
0.751392
0.598621
0.364702
0.288719
0.24553
0.187847
0.586026
0.119088
0.229934
0.306079
0.697475
0.531187
0.329467
0.240029
1.20282
0.128668
0.485141
0.206899
0.359681
0.348287
0.711306
0.388887
0.492571
0.385102
0.267626
0.274532
0.640483
0.37621
0.868862
1.41963
0.479264
0.225537
0.370981
0.360986
0.674959
0.76487
0.36563
0.283466
0.678882
0.387066
0.606844
1.78401
0.125262
0.120808
1.3256
0.199321
0.537839
0.239349
0.190369
0.201977
0.137432
0.378139
0.45894
0.600207
0.648061
0.204048
0.184166
0.167769
0.199002
0.235679
0.0440146
0.118578
0.537985
0.133971
1.02279
0.328502
0.432113
0.536964
0.347321
1.62848
0.27117
0.121928
0.422015
0.0911315
1.27033
0.341104
0.338476
0.556316
0.0108855
0.720675
0.120445
1.02061
1.10856
0.698355
0.666343
0.145375
0.296468
0.739643
0.4926
0.849129
0.971847
0.245821
0.285916
0.198402
1.03734
0.997297
0.506747
0.396007
1.12094
0.297897
0.358326
0.406901
0.372778
0.171254
0.627981
0.018704
0.241442
0.239039
0.438016
0.100314
0.304319
0.254772
0.143654
0.723388
0.278147
0.341011
0.443477
0.655118
0.338045
0.058201
1.01284
0.918374
0.128344
0.227643
0.0850671
0.523232
0.624089
1.05429
0.35366
0.200477
0.362401
0.14976
0.428501
0.155482
0.799942
0.946514
0.24239
0.260679
0.26703
0.453149
0.956481
0.593795
0.198683
0.176415
0.830575
0.842485
0.233564
0.189925
0.220222
0.188288
0.727285
1.98941
0.272697
0.0561126
0.633211
0.328939
0.389385
0.902616
0.332875
0.404737
0.332445
0.0260613
0.418055
0.159243
0.360512
0.0311536
0.710601
0.830691
1.32952
0.176722
0.598186
0.82683
0.835588
0.459375
0.0505072
0.703298
0.554521
0.242696
0.336082
0.40427
0.343074
0.267385
0.478113
0.24308
0.379859
0.28721
0.108505
0.255973
0.48726
0.0421123
0.384524
1.45434
0.217922
0.220568
0.281501
0.204029
0.46877
0.362613
0.465201
0.285089
0.101773
0.645465
0.51248
0.214355
0.366889
0.210377
1.09925
0.464784
0.0843651
0.919755
0.0860845
0.924516
0.370022
0.666851
0.608472
0.12968
0.371436
1.19204
1.44101
0.232726
0.233416
0.707628
0.461334
0.148087
0.362522
0.271344
0.665525
0.25166
0.136499
0.642497
0.138978
0.352751
0.0407023
0.123198
0.238318
0.245345
0.714578
0.194626
0.84385
0.202555
0.0617439
0.346033
0.0384175
0.786806
0.183903
1.16022
0.144489
0.362437
0.44535
0.0348536
0.469194
0.382455
0.560192
0.226511
0.182282
0.280293
0.769822
0.493113
0.637559
0.156636
0.528317
0.581466
1.32815
0.402941
0.243962
0.338307
0.544675
0.560162
0.601548
0.26658
0.574566
0.631642
0.311632
0.458946
1.52457
0.124207
0.710232
0.103035
0.252202
2.07536
0.239288
0.141774
0.232005
0.926001
0.549536
0.303466
0.734046
0.311669
0.654355
1.10621
0.838908
0.22436
0.472627
0.0102889
0.064502
0.582126
0.0438623
0.656872
0.615903
0.242575
0.478836
0.221578
0.731721
0.395476
0.536097
0.436116
0.334864
0.0675689
1.0573
0.768019
0.101056
0.301481
0.332077
0.43084
0.116751
0.189898
0.938148
1.08766
0.520353
0.578065
0.075894
0.366333
0.0790257
0.055109
0.527792
0.134937
0.258655
0.402849
0.261164
0.162019
1.21191
0.631077
0.377796
0.246121
0.83272
0.109238
0.303905
0.323209
0.328516
0.337699
0.127366
0.118294
0.181158
0.178748
0.170851
0.494047
0.232995
0.635447
0.191191
0.748265
0.287022
0.284629
0.609538
0.283182
0.273477
0.0230367
0.575442
0.493576
0.12993
0.463552
0.259514
0.273045
0.165437
0.276982
0.475029
0.227916
0.201566
0.235561
0.104454
0.301902
0.221288
0.156839
0.449187
1.06199
0.514235
0.280928
0.431085
0.398937
0.10648
0.487802
0.57052
0.633298
0.0613647
0.228119
0.213059
0.124785
0.114207
1.36413
0.940419
0.217505
0.31694
0.307226
0.507666
0.288229
0.293921
0.157913
0.415963
0.37969
0.763833
0.197659
0.688454
0.304483
1.12385
0.289996
0.118882
0.176501
0.119141
0.376408
0.388562
0.40711
0.994161
0.161454
0.920267
0.388707
0.364948
0.214197
0.470593
0.968725
0.345535
1.47183
0.881014
0.194608
0.447329
0.0604644
0.144387
0.514779
0.232968
0.386946
0.52256
0.557091
0.590317
0.620449
0.420856
0.260645
0.809203
0.0620715
0.675487
0.452839
0.0774503
1.38
0.528748
0.297805
0.333422
0.0508831
0.278981
0.330529
0.320913
0.639654
0.520897
0.25703
0.527157
0.492618
0.571072
0.521237
0.249426
0.166468
0.241802
0.487393
0.361337
1.00529
0.504652
0.0896807
0.976472
0.36511
0.567909
0.0851504
0.424683
1.02825
0.0344342
0.370781
0.372196
0.328132
0.40472
0.146523
1.01751
0.105986
0.132289
1.27185
0.715633
0.73276
0.15251
0.49978
0.546448
0.92443
1.23695
0.279663
0.0536241
0.343193
0.234332
0.189336
0.153128
0.239734
0.259193
0.281426
0.594323
0.694003
0.166365
0.342126
0.565322
0.330161
0.403392
0.0355707
0.0422782
0.0692923
0.185308
0.0621865
1.74007
0.240503
0.0634043
0.327856
0.350574
0.258171
0.255755
0.150466
0.466787
0.48247
0.0702325
0.233772
0.141144
0.0389433
0.374958
0.38537
0.658285
0.198262
0.492985
0.384089
0.632649
0.517581
0.389835
0.464891
0.116427
0.455962
0.115441
0.21863
0.637271
0.0239483
0.452746
0.67875
0.913176
0.40502
0.138711
0.196226
0.54547
0.448952
0.176774
0.028829
0.51012
0.454916
0.135838
1.44965
0.674417
0.33631
0.152829
0.180354
0.41643
1.45047
0.390356
0.400908
0.0373593
0.877907
0.101642
0.357263
0.776727
0.0894904
0.189869
0.795081
0.884839
0.103983
0.0848565
0.119778
0.467037
0.338374
0.0881614
0.431277
1.18207
0.154288
0.392645
1.75231
0.288979
0.123668
0.461132
0.0446945
0.298211
2.2843
0.655093
0.114884
0.863341
1.18261
0.237377
0.0824822
0.835958
0.349164
0.29911
0.350281
0.444549
0.0595067
0.31168
0.0653019
0.300705
0.762755
0.383544
0.747085
0.362861
1.17633
0.759349
0.185061
1.23073
0.712208
0.0472919
0.54743
0.206038
1.3138
0.457877
0.188808
0.870187
0.162622
0.858782
0.570151
0.120531
0.56245
0.786646
1.08045
0.269156
0.425759
0.363047
0.722541
0.246469
0.266471
0.481592
0.686476
0.0685121
0.0961171
0.321426
0.426758
0.183204
0.251189
0.768875
0.649898
0.202066
0.186893
0.134947
0.747487
0.625662
0.59434
0.436189
0.386703
0.747528
0.306496
0.209565
0.377345
0.0170612
0.314084
0.452295
0.356608
1.07592
0.138894
0.578557
0.750585
0.201707
0.252184
0.294769
0.493516
0.565062
0.592684
0.233819
0.415925
0.052393
0.318842
0.127193
0.530544
0.543533
0.231992
0.0956575
0.0381771
0.241462
0.835291
0.0999341
0.698967
0.43333
0.784318
0.350946
0.725434
0.271448
0.368008
0.0523518
0.562719
0.655857
0.485081
0.70542
0.221848
0.130431
0.557078
0.411368
0.605935
0.115994
0.267107
1.01013
0.50248
0.238147
0.610042
0.620325
0.555971
0.479244
0.421534
0.611986
1.17591
0.392479
0.0380093
0.50308
0.402054
0.690874
0.114088
0.506289
0.476667
0.0998397
0.867223
0.212892
0.316415
0.652266
0.274503
0.410467
0.229435
0.52763
0.111508
0.790185
0.00410186
0.689868
0.258469
0.820635
0.293453
0.0515475
0.464413
0.34561
0.188064
0.356186
1.68805
0.285482
0.543183
1.35244
0.396509
0.139017
0.258902
0.543012
0.0850566
0.357234
0.112422
0.227211
0.524098
1.12075
0.132734
0.581567
1.18308
0.269864
0.209378
1.08823
1.03855
1.07978
0.511265
0.298871
0.102596
0.759454
0.288829
0.292642
0.192302
0.777772
0.226524
0.103688
0.451547
0.853335
0.298251
0.676848
0.513085
0.293577
0.402514
1.22593
0.0926386
0.46195
0.402446
0.175159
0.203922
0.288422
0.68859
0.229063
0.282106
0.354978
0.576318
0.691143
0.865361
0.886505
0.182196
0.30857
0.39754
0.208825
1.56458
0.406601
0.398259
0.463396
0.265395
0.167207
0.390547
0.428939
0.219436
0.562009
0.164449
0.224681
0.18065
0.30393
0.1142
0.8291
0.647764
0.0828817
0.278088
0.89399
0.508263
0.997695
0.380271
0.452335
0.224887
0.243897
0.211266
1.1141
0.538905
0.0265258
0.60751
0.25603
0.368529
0.1363
1.34981
0.0933862
0.175153
0.850271
0.446913
0.288625
0.0314183
0.136698
0.23235
0.681332
0.314088
0.106456
0.227236
0.126508
0.266184
0.559224
0.1947
0.291869
0.175808
0.364304
0.592574
0.0975789
0.132391
0.339875
0.264421
0.384547
0.111162
0.0864896
0.552822
0.75739
0.228585
0.108732
0.2993
0.230917
0.269542
0.294937
0.368666
0.766481
0.349992
0.481694
0.27631
0.640437
0.130095
0.455407
0.599346
0.658019
0.601881
0.618209
0.624778
0.406221
0.614305
0.254635
0.711371
0.263719
0.0606643
0.0643926
0.601545
0.248179
0.159985
0.399417
0.428719
0.474771
0.301539
0.226676
0.547939
0.103828
0.112628
0.871878
0.271656
0.261007
0.11699
0.287042
0.323491
0.235924
0.253884
0.193689
0.194363
0.567303
0.504054
0.869416
0.855491
0.218552
0.214549
0.14247
0.11093
0.434958
0.399853
0.195385
0.133671
0.227228
0.372705
0.504164
0.892942
0.437344
0.578966
0.223936
0.339577
0.935223
0.397663
0.212928
0.403881
0.644396
0.12075
0.722791
0.196206
0.78037
0.144862
0.304189
0.684053
1.21206
0.744103
0.49752
0.71394
0.362651
0.240606
0.602758
0.208872
0.374136
0.639432
0.171761
0.50561
0.18348
0.418635
0.415111
1.3294
0.598997
0.210849
0.540006
0.223609
0.0441411
0.730473
0.157512
0.710217
0.47593
0.35607
0.525636
0.925336
0.591603
0.0677081
0.105547
0.24092
0.251493
0.176619
0.439746
1.06451
0.840086
0.843788
0.0557552
0.593963
0.131588
0.071957
0.33818
0.818589
0.580808
0.24367
0.258471
0.160753
0.275376
0.775657
0.571433
0.183887
0.497279
0.4273
0.389848
0.540291
0.154777
0.478865
0.405409
0.13161
0.506437
0.259743
0.204716
0.377297
0.169111
1.20337
0.0724244
0.433005
0.681849
1.50931
0.501707
0.28607
0.549983
0.20284
1.2051
0.291221
0.181966
0.381264
0.966916
0.415412
0.511833
0.391028
0.268823
1.05907
0.0755465
0.0602912
0.224022
0.864405
0.47946
0.0322513
1.21355
0.099712
1.32774
0.11779
0.469615
0.519618
0.0565435
0.276434
0.197562
0.325869
0.300057
0.0538933
0.131174
0.118112
0.771069
0.0440456
0.459147
0.718239
0.275808
0.20675
0.217303
0.102908
0.167995
0.215955
0.522489
0.242804
0.645694
0.0327782
0.277374
0.237345
0.424966
0.887452
0.368693
0.824675
1.10982
0.366948
0.149059
0.228802
0.648596
0.516524
0.29156
0.601306
0.152212
0.534707
0.3379
0.679548
0.799923
0.154235
0.296302
0.81908
0.131032
0.620105
0.579211
0.139821
0.0782186
0.515725
0.243592
0.106826
0.853893
0.199266
0.312861
0.21297
0.432089
0.108989
0.239263
0.449261
0.0799677
0.183922
0.354442
0.211256
0.251599
0.406166
0.180853
0.169908
0.795693
0.441896
0.204396
0.604645
0.592887
0.673161
0.570841
0.316296
0.550748
0.0303492
0.33548
0.862091
0.230374
0.643011
1.67706
0.270201
0.507121
0.40824
0.325432
0.137739
0.200076
0.364314
0.682062
0.618017
0.415239
0.290225
0.318242
0.209624
0.911275
0.497062
0.122282
0.544484
0.294337
0.75294
0.622945
0.837902
0.774751
1.69949
1.13387
0.135425
0.16288
0.477482
0.262986
0.400861
1.11235
0.743956
0.306699
0.319522
0.610573
0.141581
0.399735
0.417204
0.404691
0.578511
0.413503
0.075359
0.076141
0.325998
0.473374
0.6688
0.325064
0.809827
0.891191
0.0696974
0.154451
0.567809
0.278756
0.0772591
0.400135
0.980184
0.0529135
0.421333
0.236274
0.189462
0.658652
0.232551
0.144598
0.220878
0.142972
1.13806
0.328326
0.412685
0.144145
0.263161
0.062538
0.232474
0.270445
0.105503
0.657529
0.336589
0.334742
0.628755
0.757747
0.378732
0.466876
0.202519
0.00984228
0.481416
1.00499
0.942821
0.0536747
0.330302
0.381136
0.145816
0.68724
0.148133
0.272905
0.159478
0.46805
1.2816
1.11059
0.150919
0.515669
0.303522
0.19831
0.269502
0.400053
0.21717
0.126136
0.359549
0.359215
0.159908
0.362616
0.521794
0.580027
1.10377
1.04925
0.781758
1.01374
0.10343
0.338314
0.531331
0.0758004
0.175126
0.345763
0.549333
0.0477512
0.750937
0.577014
0.111337
0.499138
0.32556
0.299178
0.282859
0.414213
0.560502
0.378828
0.720954
0.0845845
0.115398
0.633579
0.413432
0.405884
0.831768
0.82136
0.537364
0.269316
0.381275
0.583532
0.0628735
0.0366429
0.404558
0.219546
0.302912
0.737018
1.28169
0.610787
0.31281
0.134789
0.445699
0.134593
0.516125
0.563699
0.677683
0.729713
0.357664
0.343266
0.574748
0.52253
0.765262
0.181371
0.533826
0.225516
0.136953
0.263042
0.158516
0.0598953
0.371404
0.0442895
0.165898
0.616243
0.550962
1.12767
0.398135
0.0498997
0.476123
0.283909
0.411061
0.348352
0.351728
0.147969
0.311095
0.323303
1.3137
0.245808
0.564238
0.440483
0.961359
1.01835
0.658863
0.576612
0.0784802
0.924084
0.645111
0.106889
0.116422
0.495089
0.310183
0.353384
0.132144
0.185635
0.257986
0.0455737
0.343032
0.224895
0.165964
0.389456
0.434932
0.554882
0.402616
0.822296
0.193315
0.172603
0.895174
0.77002
0.176082
0.457444
0.0801652
0.225848
1.23167
0.206649
0.199269
0.417489
1.01586
0.240642
0.442399
0.964566
0.654482
0.240638
0.56771
0.101077
0.0990124
0.142483
0.206719
1.10441
0.366649
0.466875
1.12534
0.678914
0.715402
0.183149
0.465534
0.26936
0.15408
0.161114
0.0223002
0.276669
0.145083
0.24154
0.778371
0.449086
0.157585
0.418226
0.0566512
0.784587
0.0922099
0.298709
0.421919
0.04659
0.573042
0.170798
0.306048
0.425058
0.595474
0.284493
0.829204
1.00738
0.587118
0.423596
0.308849
1.11358
0.20484
0.768653
0.35328
0.320909
0.556539
0.238562
0.0550816
0.193775
0.613343
0.244973
0.323017
0.362524
0.341896
0.709729
0.212687
0.475028
0.614818
0.170472
0.343683
0.59507
0.463722
0.468942
0.293643
0.084864
0.281558
0.662784
0.146257
0.320992
0.386896
0.054597
0.199562
0.0284967
0.169325
0.0623239
0.585695
0.23254
0.252723
0.85364
0.163185
0.690676
0.0764295
0.590232
0.866892
1.37486
0.222227
0.255578
0.385998
1.26178
0.201538
0.320927
0.918311
0.222059
0.255036
0.495644
0.34758
0.452523
0.67236
0.597924
0.344836
0.0927533
0.61933
0.754627
0.186947
0.439004
0.0930399
0.344043
0.357224
0.237123
0.327611
0.608718
0.208218
0.080548
0.723782
0.328404
0.342852
0.328588
0.445902
0.01873
0.269441
1.05117
0.408934
0.402487
0.16963
0.303409
0.79536
0.47286
0.174655
0.135698
0.391075
0.746495
0.331617
0.26053
0.761748
0.883928
1.16729
0.171829
0.272041
0.349886
0.641525
0.470912
0.145214
0.225381
0.678272
0.49011
0.188404
0.532574
0.755876
0.397984
0.382512
0.451449
0.125434
0.252219
0.851769
0.0838305
0.497281
0.25753
0.652857
0.142301
0.29474
0.322782
0.278553
0.306371
0.63674
0.851231
0.193685
0.741886
0.507869
0.286211
0.583355
0.548091
0.135394
0.215134
0.951778
0.469249
0.0928261
0.121309
0.520239
0.404774
1.47037
0.56736
0.230921
0.125819
0.467156
0.175946
0.128242
0.0465141
0.358942
0.295393
0.247997
0.822972
0.161874
0.207429
1.13654
0.271709
0.383438
0.209427
0.0989893
0.593876
0.7748
0.307516
0.156232
0.196374
1.30139
0.595549
0.0854384
0.8085
0.431468
0.72645
0.304481
0.24974
0.17899
0.212566
0.419989
1.26811
0.295929
0.677775
0.137603
0.0211691
0.186305
0.660025
0.571481
0.497597
0.495837
0.363143
0.78242
1.14141
0.450816
0.36972
0.940411
0.431777
0.396615
0.203498
0.455967
0.196656
0.301302
0.395284
0.506429
0.787571
0.380495
0.229737
0.199674
0.345928
0.708451
0.870464
0.281577
0.240407
0.678197
0.339924
0.259789
0.269302
0.777414
0.383884
0.783598
0.717457
0.700642
0.651089
0.19199
0.054299
0.197929
0.194506
0.616558
0.532384
0.258513
0.294306
0.425991
0.0498022
0.185136
1.70171
0.339707
0.106746
0.204916
0.710587
0.358011
0.574145
0.405608
0.186308
0.850545
0.419743
0.678761
0.532035
0.319636
0.710842
0.35887
0.699948
0.0900035
0.639931
0.836776
0.0806718
0.660315
0.246666
0.526499
0.823429
0.951948
1.12213
0.551722
0.0743042
0.334885
0.49169
0.230978
0.205984
0.51714
0.0978396
0.187464
0.380915
0.408759
0.411529
0.121395
0.752874
0.207967
0.897273
0.486096
0.099754
0.449354
0.402518
0.254372
0.63149
0.345178
0.593259
0.240322
