0.0568268
0.080879
0.568073
0.174681
0.281594
0.368388
0.530221
0.0390572
0.463465
1.02449
0.201692
0.786659
0.649845
0.00927835
0.0800462
0.369002
0.142205
0.342808
0.00757978
0.38005
0.0290225
0.610221
0.115293
0.0932842
0.295186
0.612695
0.283277
0.296072
0.129534
0.118768
0.277199
0.381865
0.416585
0.377235
0.0380827
0.0753378
1.16663
0.609156
0.302647
0.0106766
0.503078
0.200212
0.458364
0.104495
0.492657
0.0448967
0.0559913
0.495036
0.373936
0.795893
0.0235403
0.262416
0.630346
1.52676
0.111321
2.26845
1.09074
1.22095
0.728822
0.00786303
0.0623838
0.02387
0.542758
0.051478
1.83789
0.221141
0.138317
0.12573
0.335499
0.143992
0.285276
0.00256348
0.104974
0.00782619
0.0526916
0.345364
0.130198
0.0657423
1.00993
0.0634323
0.118956
0.773923
0.599929
0.442628
0.0975719
0.0752545
0.488025
0.0288249
0.221785
0.171894
1.86837
0.182586
0.249405
0.0126449
0.811822
0.324647
0.372657
0.83477
0.525299
0.818322
0.142634
1.19748
1.31677
1.12617
0.927836
0.148998
0.661393
0.004867
0.770129
0.857456
0.582713
0.0679192
0.131023
0.84376
0.34467
0.0400584
0.385001
0.424382
0.529571
1.26087
0.181534
0.619869
0.0174646
0.412076
0.104098
0.297816
0.791831
2.11414
0.02529
0.0351834
0.0394864
1.12738
0.684151
0.0500691
0.184644
0.740055
0.253009
1.19813
1.07649
0.0218919
0.0352319
0.136407
1.01045
0.49063
0.755179
0.451159
0.0901403
0.130042
0.0269115
0.061399
0.00566528
0.206365
0.0713545
1.64977
0.754401
0.627164
2.25576
0.96567
0.256655
0.555306
0.396214
0.124041
0.61674
0.259145
0.297405
0.948802
0.193142
0.06963
0.685474
0.143785
0.719075
0.361553
0.520434
0.39974
0.58921
0.451557
2.82665e-05
0.464095
0.152652
0.467169
0.425148
0.432993
0.0508135
0.723945
0.227703
1.25794
0.543964
0.877018
0.937182
0.0911681
1.51477
0.126257
0.175144
0.84738
0.695282
1.30397
0.4181
0.0704283
0.336019
0.148138
0.337387
0.204505
0.472229
0.0782018
0.0876702
0.00373917
0.241071
0.0160995
0.101681
0.0143978
0.171572
0.100156
0.312152
0.275214
0.319037
0.401511
0.0236026
0.365245
1.01664
0.0152207
0.150308
0.391688
0.111627
0.0810287
0.0341742
0.054476
0.00736211
0.2352
0.060071
0.471811
0.184058
0.0975783
0.0284129
0.00990318
0.351874
0.281225
0.604569
0.0011841
0.214942
1.49396
0.271084
0.0985541
0.745041
0.2267
1.18461
0.0582343
1.22476
1.12559
0.405214
0.690406
0.147994
0.991731
0.165434
0.294665
0.580405
0.140532
0.180188
0.298147
0.623719
0.316441
0.359716
0.092117
0.477876
0.157916
0.0597584
0.518473
0.292464
0.337604
0.247768
0.470951
0.307319
0.546364
0.213447
0.0499759
0.00663183
0.192387
0.111994
0.256115
0.197407
0.189615
0.227483
0.0424566
1.20137
0.469169
0.647081
0.468494
0.0531532
0.0969519
0.398724
0.213834
0.364333
0.0570091
0.59189
0.414041
0.694478
0.344098
0.00432353
0.179796
0.332211
0.134548
0.157422
0.388392
1.35784
0.479536
2.6185
0.0288017
0.664421
0.363661
0.224726
0.213461
0.080698
0.0774285
0.903296
0.160924
0.0671303
0.542779
0.930704
0.56301
0.487023
0.264537
0.832837
1.08602
0.437854
0.0840704
0.227781
0.0223582
0.906335
0.476401
0.0652243
0.0153487
0.0189777
1.46571
0.824169
0.446434
0.722316
0.115883
0.134267
0.12588
1.03252
0.391206
0.0463196
0.141568
0.0717892
0.161442
0.685899
1.12051
0.0311338
0.764061
0.381573
1.00314
0.120916
1.2942
0.24454
0.893561
0.0715899
0.853391
0.561414
1.82903
0.665677
0.45374
0.142601
0.375034
1.4362
1.3017
0.310076
0.215826
0.175992
0.510725
0.266436
0.817655
0.509426
0.309899
1.12099
0.362215
0.339338
0.0534869
0.426272
0.486218
1.54481
1.06618
0.325546
1.31056
0.0928532
1.10633
0.047508
0.643097
0.257595
0.0442986
0.5523
0.23375
0.309899
0.209592
0.108283
1.08353
0.116665
0.0978962
0.183346
0.204199
1.79921
1.85127
0.119406
0.665134
1.03149
0.0880163
0.0923674
0.0439003
1.43639
0.444146
0.792654
0.360485
0.00606029
0.188901
0.50354
0.255659
0.485336
0.185931
0.25893
0.0332815
1.74864
0.197597
0.382918
2.50176
1.50069
0.31056
2.61264
0.285151
0.136274
0.0530963
0.848509
0.0368829
0.064535
0.276986
0.354427
0.0641604
0.037611
0.206063
0.0344849
0.942152
0.195777
0.613917
0.136089
0.134197
0.47632
0.977687
0.441309
0.122419
0.0281137
0.64735
0.295493
0.299836
0.0836145
0.786818
1.03536
0.0929682
0.144188
0.275159
0.438374
0.215779
0.311725
0.158965
1.63211
0.527096
0.313205
0.395637
0.151076
0.0748825
0.0541772
0.489785
0.0695115
0.226154
0.99314
1.07946
0.296631
0.962175
0.506488
0.0621104
0.285933
0.135101
0.429198
0.401238
0.432071
0.304859
0.0295561
0.773819
0.642463
0.25534
0.326474
0.570132
0.233135
0.352297
0.0466675
0.298095
0.0777894
0.448931
0.163682
0.339306
0.517359
1.13714
0.11722
0.109939
0.161735
0.204177
0.672409
0.412747
0.121039
0.0718495
0.526919
0.341723
0.230894
0.290459
0.216212
0.746581
0.719064
0.9299
0.727126
0.39818
0.663106
0.179814
1.21687
0.118711
0.47278
0.4485
0.403505
0.268636
0.513736
0.676466
0.0343842
0.671674
0.376546
0.449554
0.146573
0.148402
0.0670275
0.026173
0.0539247
0.336154
0.732783
1.03718
0.186108
0.0460693
1.17495
0.106875
0.107435
0.084476
0.000225729
0.293126
0.0119104
0.235146
1.55258
0.672602
0.367036
0.0170645
0.028931
1.28852
0.800644
0.0240165
0.0295349
0.323354
0.115922
0.447545
0.156145
0.354545
0.193132
0.457164
0.432866
0.0341983
0.413263
0.249506
0.332942
0.0389749
0.011261
0.259425
0.566274
0.434634
0.0475598
0.702109
1.17262
0.0550055
1.25464
0.00247429
0.41046
0.10362
0.241133
0.0458448
0.300556
0.0582703
0.68953
0.153056
0.370179
0.322249
0.216067
0.549427
0.310928
0.313741
0.61212
0.692622
0.158048
0.546861
0.206293
0.458583
0.112136
2.0842
0.109355
0.481793
0.0843975
0.349058
0.489097
0.138288
0.0468212
0.289157
0.243502
0.134728
1.09911
0.586825
0.0203896
0.182356
0.225311
0.745041
0.409652
0.342847
0.00792167
0.144865
0.158525
0.172596
0.480982
0.072141
0.146847
1.31607
0.643266
0.623225
0.370341
0.20217
0.536131
0.00103109
0.245125
0.390039
0.313133
0.294098
1.06593
0.0590479
0.0256002
0.20206
0.739731
0.185268
0.486413
0.228437
0.350456
0.821712
0.463624
0.0830547
0.485947
0.5534
0.367409
0.240757
0.376955
0.852186
0.185946
0.562018
1.02905
1.08868
0.4547
0.742728
0.0378373
0.36443
0.162626
0.441513
0.452146
0.512514
0.451879
1.38755
0.0323879
0.736172
1.35708
0.922086
0.394407
0.00660724
0.532805
0.199691
0.0792438
0.141023
1.61539
0.105942
0.659807
0.40721
0.669545
0.601353
0.0328218
0.0319878
0.152986
0.349713
0.49918
0.593217
0.949353
0.0740596
0.0569075
0.428242
0.243207
0.0091455
0.263094
0.351498
0.412976
0.00642734
0.726681
0.0502374
0.219868
0.783356
1.07328
0.193325
0.167475
0.049266
0.0782909
0.273486
0.862107
0.0640271
0.219155
0.119074
0.61926
0.0213359
0.00485592
0.182842
0.146328
0.0509651
0.0493571
0.100799
0.308362
0.0235942
0.735242
0.499523
0.0341108
0.541913
0.523362
1.0245
0.512757
0.0412835
0.352695
1.20951
0.322649
0.161697
1.20648
0.721576
0.377999
0.485488
0.169074
0.121463
0.0207197
0.253744
1.86429
0.173568
0.251075
0.489854
0.744737
0.904433
0.557966
0.605185
0.575503
0.0532694
0.559524
0.455149
0.572099
0.446989
0.289266
1.22393
0.604816
0.106413
0.0763619
0.0289665
0.0171091
0.51241
0.224094
0.15039
0.0117587
0.283688
0.325004
1.03574
0.697924
0.23219
0.272136
2.3125
0.259736
0.681714
0.0355291
0.931348
0.468457
0.748572
0.0189368
0.0264711
0.0767545
0.251201
0.273101
0.163776
0.209394
1.00742
0.56115
0.0958392
0.179711
0.933359
0.521818
0.389822
0.0360289
1.35477
0.485991
0.278282
0.631669
0.749038
0.131479
0.507048
0.296803
1.38916
0.631864
1.18774
0.431493
0.171042
0.811352
0.979851
0.490091
0.207636
0.878085
0.774746
0.185271
0.126658
0.160768
0.310874
0.493785
0.627316
0.170748
0.118114
1.88524
1.41821
0.256776
0.523151
0.358927
0.506234
0.278413
0.08553
0.745879
0.413037
1.34048
0.0845609
0.85667
0.239237
0.173669
0.287992
1.03866
0.0303038
0.370728
0.629014
1.40202
0.749151
1.27708
0.530445
0.128132
0.303014
0.677132
0.0853374
0.189778
0.348218
1.27663
0.252405
0.0135211
0.292793
0.527942
0.43355
0.425855
0.842391
0.440289
0.244922
0.425664
0.128786
0.582348
0.033337
0.0840074
0.299229
0.73422
0.43916
0.978585
0.166312
0.47732
1.52849
0.10731
0.273503
0.872805
0.222331
0.816883
0.387443
0.0604379
0.412532
0.179707
0.228427
0.0298265
0.364662
0.105945
0.202141
0.145396
1.34251
0.027418
0.305558
0.079596
0.0652299
1.08388
0.220195
0.303045
0.946642
0.143896
0.694841
0.117708
0.555235
0.0928588
0.178796
0.0683549
0.650156
0.0747131
0.405998
0.325411
0.411802
0.223606
0.665477
0.191057
0.873716
0.0490732
0.714881
0.493672
1.00482
0.961095
0.77071
0.315286
1.13199
1.18123
0.14194
1.68593
0.24238
0.0482186
0.891544
0.382014
0.0974472
0.65948
0.793093
0.351065
0.872338
0.12809
0.102212
0.826537
0.188665
0.371955
0.2008
0.228978
0.322877
0.0838805
0.253255
0.731713
0.446718
1.59022
0.582299
0.0151125
0.617278
0.643393
0.248093
0.943522
0.0525244
0.221077
0.209937
1.09359
0.0421937
0.269806
1.42947
0.198717
1.38732
0.510568
0.0990829
0.678647
0.169481
0.174191
0.657256
0.6753
0.455311
0.0778568
0.330856
0.395194
1.39894
0.21734
0.0271723
0.0406713
0.538286
0.196431
0.407621
0.212994
0.221873
0.1645
0.520951
0.180359
0.140021
0.581157
2.54512
0.0254482
0.0946179
0.0823015
1.91502
0.621373
0.601953
0.364099
1.0447
0.488314
0.515711
0.287594
0.46823
0.428529
0.0145065
0.0125135
0.142724
0.380298
0.0787366
0.381613
0.0670918
0.164493
0.742569
0.0124201
0.759793
0.659371
0.161312
0.455603
0.120424
0.111077
0.298677
0.403005
0.0583688
0.124766
0.674324
0.0952851
0.0960093
0.396319
0.0479685
0.0356965
1.47042
0.719086
0.0142384
0.54912
0.157981
0.180527
0.486412
1.03973
1.01657
0.814179
0.111953
0.121542
0.943546
0.961612
0.0568023
0.116455
0.0370746
0.802463
0.877982
0.0542964
0.330342
0.95197
0.385659
0.286289
1.00837
1.7555
0.634667
1.89943
0.00171883
1.09415
0.69724
0.0222781
0.0611852
0.188176
0.742311
0.0778317
0.0763569
0.000155482
0.52124
0.0550732
0.262696
0.0981747
0.0543606
0.789634
0.506634
0.386483
0.0520099
1.06331
0.173463
0.411758
0.21779
0.213179
0.0914041
1.05013
0.577894
0.187615
0.174709
0.283073
0.885458
0.0132067
0.314949
0.0734978
0.0794024
1.42213
0.863297
0.115282
0.795685
0.204947
0.928697
0.554242
0.0446241
0.0939809
0.174106
1.1312
0.207388
0.0650966
0.284202
0.0310379
0.0268432
0.619055
0.265285
0.216149
0.388017
0.0763725
0.864872
0.00238971
0.231377
0.358286
0.286485
0.0397463
0.674136
0.111574
0.229191
0.105238
0.234876
1.07333
0.270376
0.95773
1.15633
0.517812
0.416188
0.592501
0.212555
0.125043
0.748252
0.456904
0.25156
1.02124
0.887877
0.658252
1.39971
0.157963
0.465506
0.4136
0.187631
0.266402
0.49682
0.348564
0.348237
1.16695
0.0586772
1.22302
0.246974
0.0515667
0.0517107
0.271302
1.44298
0.0233086
0.237694
0.32084
0.40706
0.54502
0.197851
0.496914
0.0151658
0.0224403
0.385415
0.0166252
0.351533
0.931433
0.0543634
0.138469
2.10696
1.26038
0.293186
0.584289
1.41791
0.297871
0.134992
0.66714
1.46314
0.0181666
0.725777
0.939699
0.168168
1.03042
0.155713
0.408435
0.613965
0.252254
1.2913
0.913702
0.388693
0.726195
0.231734
0.98752
0.441112
0.677131
0.0425331
0.10781
0.217198
0.0759519
1.08663
1.00202
0.284616
1.14989
0.448288
0.0837565
0.503206
0.0698638
0.172845
0.43181
0.0166719
0.590214
0.220716
0.511901
0.0413073
0.226557
0.575657
0.279098
0.429653
0.236463
0.540541
0.352952
0.093588
0.675272
0.749335
0.0201971
0.870733
0.381241
1.60166
0.00918929
0.123555
0.808622
0.00718851
1.11606
0.199493
0.16131
0.210882
0.106481
0.56229
2.17201
0.73383
0.0905322
0.469095
0.954318
0.0108625
0.330764
0.0773978
0.532156
0.215778
0.492185
0.445634
0.226642
0.618156
0.789552
0.407226
0.377211
0.000974021
0.608465
0.0706303
0.487413
0.199061
1.26092
0.915379
0.036615
0.438257
0.00511161
0.0939322
0.844017
0.542248
0.00685327
0.367952
1.26577
0.456741
0.878016
0.249533
0.129855
0.3255
0.572968
0.324328
0.623925
1.23359
0.103992
0.259875
0.0763644
0.447386
0.0157747
0.0316706
0.0263757
0.189251
0.26236
0.0681093
0.17901
0.0791463
1.23802
2.34166
0.226637
0.563318
0.0676117
0.380206
1.12549
0.0996755
0.359861
0.568605
0.282253
0.0119733
0.0784434
0.0649738
0.530092
0.157097
0.691537
0.460675
0.672831
0.325194
1.07918
0.472949
0.315303
0.583008
0.202912
1.01664
1.09249
1.53103
0.194754
1.18715
0.313114
0.118168
1.25982
0.198518
0.252626
0.0181288
1.03462
0.1182
0.15034
0.35019
0.537025
0.797628
0.238751
0.14194
0.0440413
0.237889
0.309535
0.418594
0.537513
0.356849
0.288837
0.887378
0.812874
0.107985
0.360827
0.613805
0.208762
0.261108
0.458805
0.241551
0.406381
0.00234522
0.064847
0.372594
0.0868726
0.360933
1.05059
0.00849038
0.0936298
0.255802
1.31998
0.707578
0.0943928
0.0806365
0.198129
0.167251
0.138179
0.696292
1.28206
0.193698
0.310661
1.81528
0.0550563
0.523086
0.345521
0.640476
0.160529
0.260286
0.752239
0.954621
0.402773
0.420814
0.312858
1.53233
0.0928296
0.222753
0.129643
0.18031
0.00536272
0.305542
0.151931
0.037473
0.876293
0.146062
0.541499
0.291153
0.423569
0.461537
0.428788
0.893999
0.0290307
0.116345
0.0640321
0.53672
0.231506
0.298814
0.114506
0.030849
0.647015
0.3214
0.0639828
1.07567
0.0562719
0.520731
0.00699726
0.0264618
0.263637
0.102261
0.00881404
0.437102
0.0493555
0.139571
0.220457
0.0661089
0.505005
0.11804
1.89826
0.178838
0.697877
1.39059
0.682834
0.75251
0.473578
0.233858
0.342035
0.00495188
0.15354
0.35938
0.7725
0.195917
0.37465
0.554711
0.228731
0.179329
0.658061
0.0197939
0.121007
0.191223
1.60262
0.62574
0.0868921
0.109259
0.618347
0.214961
0.28068
0.600012
0.241845
0.0616776
0.942822
0.479488
1.24855
0.114634
0.0552253
0.0742934
0.306058
0.431622
0.0478213
0.122497
0.28648
0.224422
1.64854
0.7197
1.41135
0.0629504
0.87346
0.324884
0.529537
0.181342
0.116764
0.710289
0.124036
0.0115345
0.568951
1.82714
0.0457551
0.201781
0.376857
0.530961
0.0464438
0.507267
0.341518
0.895045
0.141546
0.312892
0.188788
0.538393
0.547244
0.508349
0.132897
0.359649
0.891479
0.252337
0.858863
0.916528
0.145701
0.500302
0.954857
0.622108
1.50134
0.525193
0.740471
1.46996
0.0499861
0.0215157
0.0496285
0.744409
0.334632
0.090794
0.326376
0.323497
0.171928
0.38649
0.320929
0.092028
0.320759
0.085786
1.28762
1.05491
0.228066
0.283
0.29388
0.617104
0.716403
0.0164858
2.59776
0.659187
1.77036
0.707568
0.352444
0.265648
0.0383662
0.884806
0.418283
0.330081
0.172404
0.682108
0.0761792
0.0865987
0.687552
0.0338421
2.17851
1.83302
0.921884
0.934113
1.66828
0.306852
0.693386
0.701298
0.0198505
0.156937
0.31235
0.202735
0.292861
0.127289
0.0764168
0.812872
0.938141
0.962599
1.64421
0.171484
0.527992
0.14033
0.375188
0.295233
0.116119
0.403126
1.13757
1.02463
0.870823
0.126358
0.148565
0.0760186
1.94205
0.0885527
0.107774
0.0429339
0.891289
0.319865
0.0557608
0.375776
0.0347403
0.166316
0.745132
0.0518637
0.498329
0.104622
0.123417
0.28276
0.365054
0.0903989
0.351179
0.350653
0.314333
0.0528407
0.455363
0.272585
0.34964
0.558999
0.0980329
0.252205
0.761926
0.613642
0.813982
1.12846
0.606774
0.0495274
1.47691
0.00576509
0.087882
0.162908
0.285432
0.183121
0.0195701
0.165892
0.116129
0.054324
1.54421
0.684355
0.380011
0.294602
0.0451994
0.518851
0.527545
0.33052
0.431379
1.75743
1.08067
0.180536
0.102882
0.468919
0.262695
0.315404
0.349459
0.21565
0.593899
0.27913
0.0145143
0.523048
0.185818
0.095207
0.0784158
0.141177
0.309136
0.0606152
0.238514
0.934213
0.118056
0.124484
0.649434
0.315877
0.283874
0.526369
0.947888
1.24996
1.05497
0.316151
0.649809
0.618662
0.126253
0.717126
0.102975
1.41751
0.248145
1.14388
0.298234
1.01653
0.0491595
0.429935
0.630831
0.257279
0.398696
0.0725473
0.408529
0.262645
0.551991
0.166488
0.566145
0.202099
0.361293
0.00709769
0.178442
0.688606
0.276305
0.715831
1.43023
0.23032
0.242778
0.433615
1.15409
0.78209
0.519435
0.129397
0.498194
0.130377
0.306102
0.525705
0.918603
0.686704
0.414512
0.804872
0.0751215
0.270413
0.177202
0.113332
0.0668557
0.113015
0.189196
0.186376
0.565462
0.554232
0.0400528
0.111629
0.154464
0.36595
0.371524
0.182245
0.0586768
0.0050391
1.67802
0.565487
2.22537
0.434518
0.275652
0.217245
0.67869
0.174316
0.299677
0.390335
0.142565
0.462365
0.367777
1.22949
0.0788541
0.0412895
0.857676
0.0895476
0.338931
0.244103
0.694183
0.0024318
0.153211
0.317033
1.08023
0.0386364
0.361693
0.0414366
0.220105
1.27713
0.00113777
0.353401
1.31099
0.250162
0.0011455
0.00660218
0.0227499
1.17167
0.688937
1.10198
0.152972
0.328916
0.000960909
0.0658597
0.148587
0.476988
0.198714
0.000154901
0.280083
0.281415
0.0344912
0.686842
0.393125
0.13637
1.15103
0.171823
0.528149
0.576824
0.238295
0.778982
0.0294698
1.35354
2.07219
0.122793
0.0148011
0.235987
0.818819
0.371972
0.196459
0.198652
0.130229
0.16908
0.0575265
0.00478112
0.105123
0.367492
0.75733
0.0281032
0.120231
0.71438
0.532564
0.105649
0.891967
0.762377
0.0165582
0.590597
0.961714
0.135473
0.077473
0.122909
1.25929
0.33564
3.22724
0.160393
0.0543481
0.0735198
0.167428
0.698853
0.330476
0.712192
0.0151984
0.697318
0.222316
0.539254
0.338598
0.241835
0.866056
0.0797555
0.0165935
0.476099
0.804824
0.0903872
0.324394
0.809107
0.152999
0.017086
0.182546
0.450867
0.0113251
0.858959
0.706604
0.0219001
0.479814
0.21518
0.319399
0.664929
0.653302
0.579547
0.895263
0.734551
1.23483
0.0732653
0.58426
0.813215
0.397575
0.119732
0.0753338
0.190022
0.192584
1.11949
2.1509
0.321065
0.887747
0.310866
0.315055
0.294535
0.204279
0.361387
0.24209
0.205556
0.101935
0.0579607
0.867361
0.723207
0.335807
0.175226
0.15253
0.342481
0.213075
0.169619
0.59818
0.447949
0.0664764
1.44445
0.445158
0.414666
0.0216542
0.987273
0.0258413
0.647787
0.0134851
0.0484557
0.523485
0.0110372
0.0649272
1.54296
2.87575
0.0139573
0.107292
0.0821879
0.125497
0.45951
0.25825
1.14776
0.276405
0.62152
0.0604188
0.302685
0.416795
0.00825611
1.13378
0.452124
0.28381
0.244276
0.0981743
0.146594
1.027
0.598482
0.350206
0.0483704
1.0935
0.124173
0.200889
0.211611
0.0884101
0.365321
0.258751
0.115059
0.0603195
0.769774
0.289746
0.448858
0.61903
0.102971
0.433964
0.411402
2.3467
0.267264
0.0676907
0.732565
0.313798
0.0359619
0.207478
0.19271
0.0128644
0.315863
0.336206
0.389962
0.161876
0.335072
0.286333
0.0464144
0.891672
0.0132196
0.0132099
0.412123
0.967902
0.0126568
0.834828
0.37771
1.28668
0.095545
0.872568
0.346413
0.226798
0.039536
1.14976
0.835211
0.433585
0.00514637
0.084774
0.480313
0.539857
0.36319
0.0369826
0.354896
0.0912624
0.846789
0.662457
0.190057
1.19364
0.0526609
0.86916
0.024715
0.0184142
0.0604948
0.40372
0.1029
0.252748
0.0255033
0.170729
0.378618
0.215574
0.325418
0.372193
0.219089
0.133161
0.267302
0.785818
0.704078
0.084844
0.564167
0.620357
0.673882
0.22906
0.0533402
1.33936
0.177359
0.264366
0.43825
0.0809631
0.31401
1.22019
0.523327
0.436502
1.36183
0.744566
0.169935
0.0909877
0.103732
0.516901
0.0972441
0.738111
0.124076
0.134531
0.0626059
0.983435
0.0784034
0.547082
0.0305784
0.889811
0.270529
0.0144248
0.110689
0.489268
0.0944103
1.06444
0.161105
0.451785
0.161996
0.190198
0.0318472
0.26759
0.791342
0.240553
1.21203
0.0108817
0.127636
0.790591
0.0471027
0.519503
1.12137
0.0895088
0.793184
0.568802
0.546965
0.0902352
0.671334
0.553069
0.113109
0.590503
0.0958552
1.08284
0.184754
0.224466
1.7947
0.343325
0.168605
0.0404915
0.0732542
0.368196
0.0947093
0.115271
0.242239
0.200527
0.0688175
0.21345
0.147729
0.0528874
0.130206
0.46074
0.369268
1.55224
0.11181
0.852878
1.24121
0.638392
0.239968
0.276356
1.19051
0.0593108
0.460163
0.672461
0.119013
0.105769
0.197818
0.554649
0.179303
0.517584
0.122329
0.46624
0.892978
0.798786
0.185242
0.311195
0.104581
0.335702
0.247416
0.607204
0.294545
0.314694
0.152438
0.0706168
0.152965
0.456844
0.30578
0.0803043
0.457559
0.102208
0.716954
2.01461
0.4385
1.80763
0.913834
0.100723
0.730717
0.00289689
0.00164515
0.136017
1.08666
0.147245
0.0293536
0.175226
0.00431582
0.0455745
0.181407
0.218269
0.374958
0.00471025
0.886226
0.295275
0.0532678
0.103973
0.424525
0.44704
0.0384078
0.740244
0.10468
0.297507
0.485772
0.342742
0.296432
2.53443
0.0790869
0.360478
0.669393
0.164661
0.276917
0.732624
0.566016
0.00973518
0.333502
0.566273
0.226507
0.650078
0.924486
0.129088
0.346686
0.0207171
0.998314
0.123284
0.492835
0.79776
0.070996
0.351222
0.0482249
0.524352
0.56102
0.239857
0.0334484
1.06002
0.304563
0.352374
0.00480972
0.986125
0.183574
0.0930119
0.070983
0.00315347
1.38682
0.215536
0.482128
0.520446
0.317271
0.191556
0.0261922
0.23256
0.164245
0.0551326
0.558992
0.108682
0.371777
0.461501
1.02808
0.373394
0.522326
0.212307
0.441523
0.491503
0.477358
0.283894
1.0117
0.141046
0.272741
0.606522
2.49786
1.98331
0.331554
1.09261
0.275498
1.49488
0.0264826
0.152291
0.354847
0.0077308
0.285638
0.217641
0.598505
0.0307687
0.573272
1.07783
0.384738
0.195036
0.000734296
0.446427
0.0315614
0.231269
0.550827
0.17973
0.183668
1.3018
0.445145
0.0100527
0.0345602
0.474013
0.366037
0.11807
1.13267
0.0813982
0.186439
0.099914
0.0849752
0.278053
2.83097
0.0619748
1.04304
0.0837754
0.353012
0.0848143
0.0183659
0.244581
0.340101
0.571339
0.250561
0.0722276
0.606968
0.097672
0.506158
0.263849
0.794635
0.129507
0.315925
0.899896
0.115307
0.855256
0.428651
0.0626977
0.0914109
1.34395
0.178937
0.389742
0.0250698
0.448109
0.122224
0.636084
0.241434
0.247186
0.285166
0.323187
0.0228851
0.468066
0.209892
0.205659
0.840176
0.76057
0.610952
0.338317
1.31412
0.00283686
0.514663
0.612918
0.129232
0.67549
0.167422
0.256348
0.218963
0.0375957
1.52572
0.789689
0.367357
0.177756
0.366814
0.145425
0.478252
0.514561
0.0752074
0.0196793
1.44978
0.0903561
1.68297
0.276445
0.365747
0.0900103
0.133868
0.0525223
0.317102
0.869741
0.731375
0.10176
0.790031
0.0185062
0.575257
1.30574
0.509466
0.0488729
0.128131
0.490697
1.05329
0.188345
0.133669
0.262072
0.0676151
0.190051
0.00423864
0.585255
0.572801
0.258872
0.145419
1.78751
0.171295
0.00915119
0.0094399
0.371561
0.359949
0.345869
0.3273
0.0750926
0.277628
0.0165693
0.164128
0.315548
0.329976
0.601911
0.184004
1.68554
0.22947
0.683311
0.208079
0.494262
0.690587
1.41345
0.229176
1.44709
0.482306
1.51916
0.797836
0.266156
0.752074
0.234424
0.412125
1.0389
0.00244845
0.0108657
0.19631
0.888935
0.181473
0.154886
0.705583
0.0762382
0.243418
0.0365654
0.00346232
1.00064
2.20841
0.530798
0.00882897
0.993258
0.181173
0.868615
0.145937
0.269755
0.4576
0.485329
0.481119
0.641007
0.0976542
1.57461
0.159788
0.259153
0.544136
0.176544
0.954379
0.30494
0.337481
0.11506
0.207331
0.215623
0.313394
0.191769
0.0304457
0.352036
0.872223
0.096265
0.179799
0.57411
0.0830782
0.721446
0.0705232
0.644217
0.113496
1.30206
0.76421
0.251071
1.40527
0.169628
1.17734
0.0648189
0.853174
0.11514
0.287246
0.525895
0.131976
2.27224
0.0572386
0.0623567
0.179668
0.593091
0.700702
1.02545
0.951817
0.88343
0.193702
0.0236811
0.182404
0.922337
0.0425387
0.453625
0.19806
0.00561134
0.835074
0.467565
0.952564
0.410269
0.429147
0.447942
0.174479
0.100631
0.407686
1.6466
0.254405
0.176741
0.343208
0.408259
1.57717
0.0503975
0.290258
0.57547
0.0378052
0.301377
0.542536
0.880546
0.716199
0.194791
0.403144
1.49148
0.0661465
0.415593
0.0231675
0.16593
0.600504
0.349355
0.507966
0.481132
0.303457
0.737898
0.165423
0.470861
0.493465
0.113383
0.0687486
1.47202
0.812434
0.423689
0.357709
0.191945
0.139602
0.0886493
0.386379
0.157341
0.523324
0.52375
0.72698
0.375006
1.1999
0.070945
0.380456
0.20644
0.107454
0.311876
0.461839
0.521996
0.0591428
0.560646
0.123108
0.0591139
0.00673961
0.361669
0.344666
0.137128
0.197022
0.794252
0.0958764
0.00257418
0.155346
0.447154
0.648527
0.138584
0.278596
0.239756
0.0628558
1.54861
1.00729
0.913526
1.07537
0.346445
0.292957
0.0162639
0.014354
0.0590574
0.292943
0.71377
0.482795
0.585761
0.872827
0.0817731
0.425071
0.705264
0.373162
0.455578
0.62203
0.675447
0.135393
0.56173
0.227841
0.00467995
0.253755
1.58432
0.233614
0.0637254
0.233168
0.465683
1.5302
0.460758
0.153006
0.414777
0.574422
0.0422881
1.04538
0.134037
0.904655
0.461283
0.238814
0.141555
0.914642
0.339001
0.00926104
0.514245
0.674013
0.11948
0.0296772
0.377145
0.536608
0.0646937
0.724104
0.152887
0.788188
0.0158974
0.0923368
0.274816
2.77375
0.258568
0.792213
0.148561
0.309032
0.152705
0.0339245
1.05641
0.983534
0.0490666
1.75033
0.631687
0.386158
0.478636
1.35428
0.354776
0.599961
1.83752
0.475199
0.387007
0.733431
0.0795796
0.502853
0.453492
0.582394
0.41796
1.14887
1.14135
0.00782299
0.586534
0.265023
0.947677
0.0658351
0.475511
0.237386
0.138476
0.335368
0.528515
0.129121
0.09762
0.11985
0.0375481
0.227174
0.472292
0.523631
0.455914
0.583445
0.180163
0.0673459
0.746982
0.227827
0.31282
0.00750173
2.02822
0.422713
0.0652452
0.766598
0.212214
1.69933
1.77545
0.450257
0.0905023
0.468327
1.14528
0.950855
0.214232
0.322747
0.0487008
0.229597
1.32965
0.317479
0.00501515
0.191713
0.166141
0.717692
0.0251408
0.235757
0.0964887
0.512318
0.286806
0.00656156
0.104566
0.0524621
0.851262
1.28586
0.207039
0.654927
0.523854
0.216652
0.465394
0.405242
0.411782
0.995944
1.66477
0.0358166
0.473174
0.339928
0.321963
0.435014
0.832634
0.420929
0.217846
0.379268
0.142892
0.210392
0.180669
0.090908
0.0376983
0.220566
0.101435
0.940322
0.0109309
0.0535021
0.611615
0.723158
0.47976
0.152654
1.17087
0.376057
0.818355
0.769136
0.403367
0.336423
0.167077
0.219969
0.55554
0.00632003
0.197334
0.00167655
0.211759
0.289934
0.0900743
0.617907
0.117408
0.0876369
0.164421
0.0338252
0.342666
0.778942
0.123
0.436629
0.914361
0.575915
0.0350529
0.549872
1.16306
0.699753
0.0274363
0.463596
1.18469
0.801909
0.430337
0.797156
1.6909
0.183579
0.157391
0.669685
0.808354
0.64119
0.576953
0.411987
0.667663
1.06872
0.267054
0.834187
0.554611
0.395845
0.223165
0.0513783
0.0194683
0.464292
0.00892696
0.294955
0.364664
0.324561
0.438503
0.178724
0.0239627
1.37353
0.0902156
0.0888356
0.0937819
0.557542
0.243194
0.298598
0.249222
0.0568617
0.376375
1.3808
0.572135
0.27368
0.329817
0.308455
0.0252605
0.189662
0.670759
0.041796
0.911375
0.611662
0.0280596
0.494899
0.547686
2.1681
0.562518
0.900033
0.285123
0.128377
0.139818
0.273362
0.459319
0.113477
0.533851
0.0667142
1.53389
0.567523
1.15508
0.0332194
0.370484
0.067714
0.858987
1.04091
0.10127
0.463482
0.393858
0.292166
0.0269262
0.0335654
0.0799161
1.13173
0.883619
1.02104
1.42159
0.15725
0.28999
0.789197
0.502453
0.305041
0.0898249
0.672844
0.608244
0.16705
0.173558
0.173192
0.678642
0.162122
1.87133
0.709693
0.105412
0.433447
0.496561
0.250529
0.113809
0.107832
0.185781
0.644425
0.138544
0.210857
0.0646882
0.0422404
0.422152
0.358946
1.11992
0.863131
0.269294
1.18253
0.696854
0.324182
0.448635
0.198469
1.64242
0.178015
0.306941
0.37014
0.0312831
0.419009
0.443435
0.157379
0.323042
0.287756
0.0101323
0.197027
0.0974233
0.168388
0.364843
0.0859677
0.433854
0.224499
0.116759
1.14895
0.0157966
0.663046
0.183864
0.770735
0.820171
0.768101
0.75442
0.154794
0.159682
0.870694
0.275302
0.130221
0.0279245
0.135723
0.0207088
0.0624006
0.00787367
0.0973528
0.337826
0.597049
0.412288
0.0549602
0.0693194
0.527084
0.994295
0.901081
0.635052
0.332669
0.243022
0.198337
0.530059
0.0715499
0.654822
0.0873589
1.00203
0.250496
0.061035
0.639861
0.0270948
0.311137
0.660711
0.53241
0.0571256
0.291434
0.396447
0.109854
0.127654
0.970993
0.545031
0.0915467
0.244648
0.189996
0.151014
0.0809982
2.063
0.0812785
0.594882
0.196342
0.550017
0.908751
0.745905
0.423634
0.0307782
0.135997
0.31581
2.20178
0.237817
0.407493
0.430186
0.205334
0.248268
1.14124
0.10521
1.4381
1.02437
0.521245
0.351859
0.352672
0.372719
0.305957
0.682071
0.0921718
2.3023
0.914662
1.68628
0.374089
0.13289
0.00275014
0.312048
0.406319
0.0254225
0.461953
0.621049
0.000880413
0.992481
0.0379012
0.170751
0.143681
0.812835
0.0451099
0.799775
0.38239
0.411022
0.140417
0.0716485
0.0351593
1.57138
0.759862
0.23275
0.0446287
0.0509386
0.0795503
0.0606163
1.4843
0.14502
1.27185
0.977504
0.0930077
0.763159
0.334827
0.0322711
0.147913
0.529358
0.773347
0.364369
0.600049
0.198294
0.98637
1.48041
0.867383
0.0805428
0.399734
0.642615
0.494811
0.258823
0.0148867
0.107911
1.1402
0.0616192
0.0934723
0.540018
0.118851
0.401498
0.224607
0.282359
0.15737
0.836425
0.658249
0.402048
0.147273
0.51737
0.164209
0.231854
0.102595
0.0787189
0.076999
0.613624
0.966144
0.0267984
1.11574
0.417588
0.222472
0.557031
0.330462
0.202158
1.34482
0.257244
0.0284786
0.905859
0.0879329
1.01194
0.576307
0.2248
0.177017
0.175288
0.872428
0.328721
0.0317314
0.247651
0.690829
0.424952
0.0600295
0.0847318
0.00174772
0.202621
0.301456
0.406082
0.052435
0.0989235
0.244865
0.0924196
0.106199
0.346755
0.0832751
0.28041
0.0950596
0.368352
1.32164
0.798063
0.310789
0.195154
0.0492974
0.845093
0.187555
0.0384632
0.238452
0.982026
0.0622736
0.277145
0.279024
0.0521874
0.0410286
0.0584772
0.428636
0.0785402
0.0152368
0.0285956
0.616574
0.534727
0.22919
0.456691
0.184035
0.10453
0.0469028
0.65599
0.366525
0.19406
0.179093
0.996306
0.136718
0.181879
1.37202
0.899554
0.698442
0.115258
0.222484
0.0111386
0.136852
0.99398
0.325668
1.555
0.310614
0.0222596
0.70945
0.549421
0.0232902
0.380724
0.00302623
0.0128205
0.0694856
0.144088
0.106046
0.338537
0.23859
0.759844
0.0537406
0.482127
0.123342
0.420176
0.0340243
0.498756
1.20805
0.327761
0.769937
1.21096
0.955901
0.741151
0.171073
0.0257963
0.582107
0.332003
1.14421
0.461626
0.411563
0.539678
0.207114
0.165972
0.748146
1.57756
0.84871
0.0450849
0.249596
0.492324
1.33299
0.0952182
1.03251
0.210334
0.264054
0.306531
0.00422607
0.0866619
0.106538
0.800403
0.198249
0.953551
0.0323051
0.00106209
0.480641
0.050977
0.223278
0.149407
0.270036
0.030956
0.401167
0.00677289
0.28876
0.431064
0.497933
0.0508563
0.192354
0.114567
0.666553
1.38168
1.72333
1.27772
0.589697
0.170662
1.51672
0.529926
1.16972
0.0065784
0.199498
0.0213366
1.42496
0.130519
0.865611
0.298387
0.0300878
0.115384
0.494134
0.600356
0.434869
0.475326
0.860437
0.107775
0.0181145
0.720106
0.071053
0.499208
0.0119386
0.389028
0.0078851
0.29993
1.10193
0.245659
0.457397
0.676972
0.2911
0.873878
2.39651
0.13903
0.250961
0.855895
0.700799
0.557624
1.68056
0.597339
0.56013
0.195076
0.762563
0.32794
0.572239
0.108034
0.632484
0.180042
0.266419
0.2494
0.689554
0.976399
0.0823573
1.02205
0.0317751
0.517026
0.0411536
0.0924287
0.659616
0.276674
0.53721
0.137182
0.386644
0.0843542
0.520171
0.814403
1.0899
0.0424513
0.532008
0.452986
0.895771
0.386323
0.955755
0.224755
0.246291
0.593546
0.21134
0.791398
0.263922
1.07964
0.323995
0.0356501
0.177829
0.334538
0.0397773
0.717858
0.391196
0.00544921
0.867828
0.0912022
0.261612
0.850613
0.431508
0.163235
0.145878
0.341007
0.0191825
0.26025
0.81236
0.35644
0.0243803
0.478808
0.0143122
0.490204
0.0817916
0.0409208
0.57341
0.0541323
0.850418
2.53342
0.33414
0.30629
0.0236487
0.291828
1.0183
0.086495
0.0114135
0.12026
0.0789911
0.0391967
0.636958
0.0774855
0.347984
0.423513
0.853642
1.40344
0.436978
0.0193199
0.00193656
0.670531
0.103966
0.14161
0.572233
0.322888
0.855606
0.111674
0.026513
0.542276
0.157259
1.07351
0.220696
0.51728
0.265568
0.417587
0.0135777
1.54656
0.208789
0.483613
0.328579
0.625175
0.513055
0.710193
0.380504
0.0261298
1.17585
0.0753308
0.332612
0.232893
0.0581679
0.562844
0.0613717
0.0110499
0.0108896
0.635685
0.379037
0.196831
0.212771
0.0399598
0.037283
0.169762
0.474002
0.151431
0.037444
0.180924
0.756895
0.987098
0.0254134
0.470239
0.077716
1.29852
0.366375
0.336125
0.806996
0.893519
0.545132
0.5544
0.0780449
0.0307864
0.0613823
0.824015
1.10327
0.0684418
1.24354
0.00276404
0.156604
0.186341
0.0655439
0.140986
0.13432
0.431952
0.608838
0.15844
0.601338
0.192877
0.0347374
0.732318
0.0422488
0.512084
0.132136
0.153573
0.0182207
0.0951504
0.593204
0.635119
0.198021
0.197598
0.346911
0.490717
0.598379
0.524451
0.0313175
2.19877
0.578346
0.107175
0.062846
0.778503
0.392108
0.214287
0.0291954
0.836969
0.0716414
0.109151
0.0362557
0.403125
0.446884
0.252364
0.175162
0.762861
0.206592
0.268079
0.354917
0.974116
0.0403485
0.257791
0.515276
0.429788
0.142197
0.209285
0.903736
0.025292
0.0501613
0.233032
0.12899
0.290435
0.183651
0.238933
0.414387
0.877889
2.16641
0.327464
0.134391
0.642906
0.271362
0.151548
0.444246
0.399713
0.359679
0.385356
0.564981
0.330268
0.233578
0.00278097
0.0984161
0.157188
0.360859
0.471053
0.515412
0.589991
1.33353
0.638708
0.198184
0.480144
0.180045
0.341504
0.380235
0.00821067
0.562649
0.175239
0.189652
0.0553533
0.472071
0.835714
0.559628
0.220791
0.328999
1.91341
0.118488
0.439006
0.0529633
0.132165
0.472261
0.238755
0.441268
0.356334
0.505004
0.508397
0.728246
0.128677
0.2607
0.0846268
0.032093
1.2474
0.0711303
0.110366
0.517971
0.0347316
0.19102
0.110039
0.789018
0.285964
0.0255854
0.0186045
0.896602
0.0139827
0.00401369
0.237166
0.0528771
0.212901
0.0576478
0.085378
0.677601
0.123445
0.0406283
0.297763
0.217315
0.506004
1.26279
0.951184
0.0863831
0.0449701
0.0414603
1.32006
0.275101
0.669333
0.250943
0.530473
0.865994
0.0199383
0.497012
0.199661
0.00991484
0.377484
0.466402
0.54758
0.338616
0.232074
0.293631
0.302018
0.169775
0.183704
0.663842
0.455719
0.572106
0.640548
2.08765
0.516839
0.15373
0.0197363
0.917594
0.482845
1.17566
1.39998
0.184501
0.0393058
0.874472
0.4432
0.109819
0.939818
1.47012
0.427599
0.688732
0.6972
0.0239216
0.0198011
0.433188
0.254759
0.143983
0.0433067
0.125165
1.31812
1.02265
0.933138
0.154928
0.960515
0.614349
0.786403
0.163527
0.424938
0.544055
1.31693
0.101319
1.04486
0.0907843
0.2477
1.18415
0.0749561
0.278078
0.207063
0.0242073
2.55524
0.183462
1.36165
0.17518
0.0799076
0.707996
0.919161
0.0573068
0.565025
1.44913
1.16735
0.491166
0.24871
1.09979
0.0919404
0.148989
0.140886
0.431675
0.62554
0.172183
0.327842
0.199692
0.753356
0.440707
0.437337
0.823447
0.161952
0.0633899
0.216931
0.285198
0.369106
0.916536
0.346675
0.0403085
0.456177
0.342482
0.24597
0.35255
0.96886
1.05042
0.47019
0.652729
0.325872
0.644289
0.508666
0.707817
0.0959668
0.223827
0.290585
0.400691
1.23383
0.259164
0.365439
0.0451493
0.236114
0.185044
2.203
0.347728
0.231602
0.358197
0.138132
0.254423
0.563542
1.35089
0.149777
0.171474
0.015973
0.277342
0.427912
1.21061
0.119792
0.0808369
0.536042
0.707721
0.082407
0.0668895
0.137589
0.707408
0.592135
0.215572
1.07974
0.100445
0.692221
0.30357
0.178852
0.575894
1.20466
0.69732
0.0506589
0.407762
0.983851
0.0567782
0.479949
0.323891
0.421531
0.784449
0.170307
0.137403
0.0463362
0.0169576
0.227786
0.301706
0.166198
0.032621
0.951976
0.0460854
0.600376
0.499176
0.173362
0.713345
0.170613
0.618061
0.577936
0.158068
1.43831
0.238926
0.495731
0.0512289
1.24339
0.886084
0.789662
1.7793
0.0028115
0.0910011
0.303106
0.458061
0.560297
0.235121
0.196878
0.0129352
0.0686827
0.0538534
0.204954
1.08076
1.56557
0.0972488
0.187064
0.147244
0.391864
1.49894
0.219183
0.340856
0.24442
1.54016
0.403605
0.223912
0.484298
0.228809
0.642343
0.106075
0.0608241
0.153148
0.233054
0.121665
0.155982
1.29043
1.10348
0.32312
0.52464
0.0319069
0.0722127
0.0764466
0.0718849
0.322105
0.0782261
0.753562
0.0308462
0.660543
0.191032
0.448866
0.172862
0.172761
0.101612
0.0875518
0.273356
0.118314
0.0148175
0.103919
0.18429
0.32141
0.275298
0.275508
1.13486
0.26038
0.0083565
0.344663
0.175159
1.38279
0.00232341
0.331703
2.82928
0.760422
0.00648343
0.00199148
0.850956
1.46302
0.160342
0.14914
0.203846
0.587954
0.463563
0.544576
0.441893
0.42483
0.341348
0.153204
0.134082
0.89087
0.210893
0.285404
0.227994
0.565114
1.23136
0.0618369
1.11342
0.239664
0.104364
0.419167
0.659182
0.966852
2.23402
0.340843
0.323546
0.449835
0.360201
0.604593
0.34783
1.14136
0.930509
1.12316
0.689329
0.380344
0.133115
0.235696
0.0121732
0.5499
0.0402448
0.110899
0.0834922
0.099335
0.331617
0.0328187
0.157022
0.207722
0.36518
0.842415
0.070429
0.253863
0.155757
0.591629
0.0311621
0.285964
0.0164547
0.361401
0.231077
0.601298
0.35591
0.146844
0.356004
0.310398
1.06787
0.403832
1.19249
0.0361117
0.431661
0.486157
0.32083
0.443076
0.167805
0.71137
0.588689
0.0411587
0.0825114
0.159136
0.558239
0.0759739
0.0553383
0.191745
0.0876757
0.394157
0.367007
0.633502
0.235541
0.468779
0.274258
0.161012
0.861044
0.013134
1.04752
0.662875
0.276405
0.102416
0.367934
0.837066
0.000288576
0.679831
0.104108
0.318468
0.181677
0.255456
0.240252
0.300268
1.67779
1.4631
0.623904
0.356874
0.0228981
0.261326
0.0954986
0.112233
0.0398786
0.962378
0.252602
0.0462457
0.204668
0.948837
0.401311
0.431491
0.0364286
0.316755
0.760453
0.0222613
0.0217812
0.447817
0.0554019
0.789551
0.014375
0.222434
0.26179
0.616589
0.326863
0.645387
0.111228
0.970693
0.104019
0.287955
0.0617733
0.0566754
0.00507823
0.078302
1.41657
0.925814
0.096365
0.417957
0.309693
0.579482
0.695977
0.503001
0.027239
0.782924
0.153388
1.17454
0.0549684
0.455521
0.874743
0.108393
0.466407
3.15368
0.287187
0.896673
0.0635094
0.0426855
0.337336
0.0465643
0.0682075
0.384367
0.32396
0.563387
0.576901
0.16008
0.330789
0.00192129
0.0573709
0.427595
0.577939
0.0215175
0.295688
0.136471
0.156534
0.194618
0.406638
0.993939
0.899916
0.153958
0.455957
0.620607
0.454572
0.62388
0.425811
0.173922
0.0580382
0.243384
0.0790918
0.667706
0.695884
0.501918
0.0880431
0.271009
0.650554
1.52742
0.336605
0.775163
0.750985
0.089187
0.10499
0.907049
0.126762
0.254387
0.0320428
1.14641
0.0801431
1.10826
0.324926
0.337882
0.2944
0.426926
1.15644
0.709312
0.172176
0.0262784
0.0344221
0.134806
0.148691
0.183068
0.567321
0.711649
0.100526
0.099421
1.12064
0.180818
0.103293
0.0178444
0.376737
0.24899
0.454855
0.390718
0.0592426
0.292752
1.15485
0.212925
0.422152
0.412945
0.538511
0.0944542
0.306823
0.0962416
0.247119
0.484764
0.867017
0.775384
0.708516
0.207726
0.588136
0.111611
0.263578
0.361996
0.839337
0.309497
0.420036
0.0464546
0.359521
0.00119417
0.469853
0.109999
0.0716309
0.655861
0.795077
0.212047
1.16648
0.12493
0.511264
0.253085
0.871102
1.23521
0.0488089
0.0635775
0.0262913
0.915338
1.24865
0.634186
0.449663
0.471021
0.24395
1.14145
0.82663
0.641554
0.0738889
0.0711708
0.210782
0.712979
0.143797
0.409817
1.3796
0.425723
0.166596
0.614774
0.461352
0.377044
1.83486
0.0214553
1.43337
0.271006
0.0811961
0.0531873
0.221362
0.15582
0.503591
0.175412
0.263257
0.950669
0.492881
0.537893
0.692216
0.659375
0.0900208
0.114619
0.572779
0.228371
0.120525
0.324892
0.17182
0.80567
0.108076
0.291962
0.532753
0.365457
0.0508209
0.933026
0.0369321
0.0106701
0.192922
0.930383
0.088603
0.538936
0.300237
0.0760099
0.0617916
1.06086
0.50347
0.531288
0.0901681
0.26369
0.121468
0.575276
0.198566
0.00077918
0.38936
0.29706
0.0913537
0.00922619
0.268076
0.361282
0.42148
0.0955794
0.401653
0.25116
0.120148
0.365773
0.453555
0.282692
0.0780855
0.237551
0.0185582
1.33854
0.750942
0.536734
1.24586
0.089285
0.421109
0.994594
0.266314
0.227939
1.3767
0.112027
0.731622
0.344629
0.133288
0.912695
0.15488
0.9272
0.45153
1.16163
0.209878
0.286906
0.151346
0.367764
0.0258482
0.110804
1.34519
0.153625
0.634303
0.125074
0.0755068
0.0586174
0.134264
0.279432
0.140216
0.171703
0.199464
0.386777
0.153443
0.193376
0.0680776
1.06027
0.0874121
0.461682
0.799611
0.252561
0.598965
0.903558
0.241738
0.6009
0.0309107
0.397717
0.476906
0.362369
0.00733504
8.93639e-05
1.27595
0.292646
0.18162
0.164008
0.463853
0.306069
0.145827
0.545675
1.40932
0.436608
0.153759
0.545233
0.339321
0.732504
0.404649
0.267072
0.727986
0.154933
0.0107296
0.127619
0.812309
0.270212
0.0291558
0.157558
0.375865
0.770429
0.466512
1.35107
0.451975
0.521817
0.0259576
0.363134
0.410368
0.132954
0.0812375
0.220259
0.357753
0.292223
0.717422
0.237033
0.316249
0.915816
0.262307
0.381967
0.139477
1.11845
0.0120415
0.318317
0.0211981
0.58441
1.31408
0.622536
0.154106
0.484473
0.114865
0.00335489
0.392979
0.190628
0.168202
0.191582
0.138254
0.576992
0.44324
0.421014
0.36425
0.0788983
0.487104
0.131131
0.0404525
0.150717
0.654011
0.75037
0.61362
0.433443
0.81136
0.406954
0.216085
0.294955
0.00354416
0.0542934
0.00440826
0.0800766
0.727951
0.0741304
0.381503
0.261818
1.58141
0.713306
2.93119
0.0568523
1.03099
0.0905969
0.202446
0.480407
0.504519
0.309981
0.484192
0.160554
0.630755
0.452825
0.0397718
0.175503
0.228543
0.696837
0.0535916
0.268145
0.0562837
1.34775
0.344618
0.764147
0.671712
0.0948442
1.3301
0.0768497
0.253814
0.38086
0.0240283
1.02451
0.697406
0.529149
0.0760258
0.31364
0.11067
0.040701
0.130175
0.445763
1.69722
0.739186
0.119617
0.959587
0.141833
0.732784
0.0533879
0.220511
0.0514806
0.577571
0.0184458
0.5119
0.596479
1.45157
0.885596
0.300469
0.0549349
0.0860225
0.0968452
0.00169488
0.666884
0.0675626
0.0753399
0.159099
0.117143
0.821471
0.0831157
0.263873
0.773341
0.733382
0.478615
0.617026
0.523818
0.048452
0.0627558
0.287443
0.111771
0.21821
0.299193
0.139792
0.0820359
1.94284
0.389798
0.274061
0.3519
1.2762
0.254271
0.0963821
0.98795
0.0445561
0.378342
1.27177
0.339992
0.373312
0.493635
0.441274
0.101701
0.126785
0.252341
0.16765
0.388245
0.569421
0.0151572
0.571294
0.208661
0.0803721
0.704536
0.0120915
0.0426758
0.444387
1.45857
1.17015
0.0361696
0.409729
0.129204
0.123954
0.369166
0.0551392
0.429559
1.07369
0.489727
0.546962
0.179215
0.483582
0.189248
0.748377
0.0113917
0.0893734
0.359668
0.136706
1.45538
0.665043
0.00481481
1.19956
0.047989
0.181276
0.125013
0.691099
0.147208
0.301572
0.0648478
0.024645
0.929071
0.144284
0.30521
0.174728
1.72058
0.622959
0.0517559
0.485546
0.10529
0.245212
0.0409491
0.493407
0.282802
1.24383
0.283897
0.270855
0.445306
0.104091
0.593697
0.770253
0.195721
0.416933
0.187458
0.01429
0.933318
0.547838
1.57712
0.0168893
0.0925018
0.157303
0.572603
0.224673
0.0268343
0.312978
1.10345
0.689771
0.223043
0.220739
0.0685602
1.63038
0.233714
0.0651262
0.0813736
0.459719
0.400682
0.264277
0.0154575
0.028417
0.281561
0.519961
0.423878
0.24743
0.375724
0.243997
0.302281
0.304623
1.08262
0.251154
0.69986
1.76797
0.40325
0.173312
0.5398
0.0497209
0.0727021
1.92575
0.926591
0.0282072
0.154779
0.0221075
1.27197
1.03526
0.507745
0.0859078
0.362553
0.288234
0.0876478
0.92513
0.555056
0.195959
0.357954
0.0687642
0.268466
1.01554
0.165205
0.191478
0.448074
0.608077
1.06783
0.27018
0.0467642
0.0184662
2.02791
0.563451
0.617025
0.0101211
0.456691
0.546699
1.20854
0.193458
0.129306
0.216128
0.00211901
0.168476
0.224126
0.98928
0.459181
0.19642
0.16035
0.048346
0.0454911
0.211417
0.458382
0.278096
0.0171719
0.953779
0.0839743
0.507665
0.486234
0.609269
0.522495
0.853965
0.162208
0.583956
0.0163396
0.199643
0.710988
0.394848
0.24823
0.218151
0.103951
0.0423083
0.326874
0.417995
0.108136
0.45461
0.176374
0.422028
0.34779
2.06266
0.962312
0.475108
0.205055
0.226856
1.58833
1.31737
1.10713
0.0640565
0.307052
0.263752
0.226538
0.182653
0.30646
0.207714
0.131866
0.00667642
0.271794
0.00198946
0.267811
0.233398
1.31274
0.00973945
0.415918
0.0562096
0.0562551
0.4098
0.196987
0.431543
3.70262
0.621365
0.0164273
0.622333
0.171523
0.206214
0.552568
0.740786
0.0204514
0.119114
0.918227
0.315277
1.52281
1.21561
0.347947
0.0682528
0.400515
0.786744
1.10249
0.0132256
0.701662
0.0539091
0.264814
0.0586832
1.22807
0.0349212
0.543725
0.144471
0.0402834
0.361174
0.740489
0.0849933
0.775483
0.110037
0.188638
1.26782
0.425232
0.0798111
0.0432233
0.875763
0.38525
0.273916
0.259283
0.690278
0.718909
0.0716941
0.267341
0.0597361
0.127998
0.160232
0.325855
0.284965
0.0491986
0.273079
0.0590833
0.597652
0.646078
0.138881
0.120964
0.0865907
0.014288
0.0228875
0.378391
0.20643
0.086727
0.0741178
1.05839
0.957716
2.27295
0.0389925
0.423916
0.143044
0.319347
0.224179
0.46273
0.0911949
0.782048
0.122023
0.454377
0.685676
0.0131026
0.0783752
0.0575325
0.241409
0.486336
0.180384
1.00621
0.193456
0.196147
0.92805
0.139553
0.111952
0.740309
0.328612
0.355424
0.419789
0.0738958
0.00156342
1.07347
0.103372
0.977747
0.324842
0.27438
0.651035
0.0200733
0.499498
0.876307
0.455559
0.0556871
0.874545
0.0438764
2.66226
0.239082
1.04404
0.289534
0.414037
0.487171
0.287145
0.75651
0.0858199
0.473253
0.423162
0.0122087
1.26665
0.300619
0.159743
0.0532581
0.841791
0.159874
0.934718
0.813396
0.00693038
0.336581
0.443776
0.119843
0.260848
0.728661
0.0547559
0.729047
1.13131
0.226019
0.274476
0.16073
0.227347
0.78931
0.807069
0.26492
0.170186
0.656408
0.589416
0.0473462
0.00751565
0.617073
0.0600608
0.172724
0.328538
0.263045
1.17873
1.03922
0.0020194
0.0643252
0.150781
0.926004
0.0495045
0.886814
1.20604
1.16144
0.0243915
0.0864
0.0290583
0.588858
0.205697
0.105178
0.351135
0.0801882
0.385172
0.937651
0.350474
0.479604
0.538421
0.571845
0.212441
0.481728
0.0536785
0.330106
1.7531
0.551955
0.472973
0.571174
0.0240451
2.11339
0.279297
0.259953
0.0575346
0.0923094
0.10856
1.90558
0.0436867
0.19372
0.0676895
0.343501
0.88151
0.566812
0.339669
0.500112
0.902893
0.339696
0.558004
0.0133065
0.103925
0.489979
0.468116
0.935546
0.0644317
0.651638
0.204518
1.14819
0.16339
0.107651
0.386146
0.408522
0.522066
0.0938133
0.76464
0.33683
0.00179267
0.0665934
0.125463
0.0183816
1.31311
0.0752466
0.0590301
0.661399
0.208165
0.0616525
0.276578
0.0444256
0.363634
0.492194
1.51565
0.369259
0.536232
0.283273
0.0710461
0.51397
0.951519
0.405921
1.34772
0.687721
1.68365
0.56409
0.258001
0.197084
0.0112894
0.634018
0.374208
0.101775
1.38048
0.217241
0.295768
0.381797
0.518261
0.137122
0.0857636
0.583312
0.337612
0.0976423
0.717393
0.0652526
0.119484
0.195575
0.252897
1.37295
0.38753
0.25524
0.0588688
0.0884935
0.0540007
1.06776
0.133221
0.160938
0.158459
0.0344006
0.878149
0.125651
0.296404
0.164795
0.0510759
0.432119
0.214262
0.99259
0.992936
0.212897
0.134623
1.54665
0.0229233
0.825516
0.0131901
0.763505
0.445141
0.836495
0.00330826
0.857406
0.773166
0.242925
0.769409
0.432377
0.889061
0.195611
0.000254295
0.498153
0.175516
0.00105104
0.224411
0.582616
0.72268
0.511003
0.304341
1.97567
0.608201
0.0164718
0.206826
0.693168
0.167763
0.538359
1.1035
0.237157
0.613306
0.729853
8.48094e-05
0.258199
0.045874
0.164774
0.267386
0.426729
0.470378
0.00570616
0.231853
0.307063
0.97364
0.397625
0.107443
0.721714
0.360309
0.18888
0.0237289
0.0840222
0.496431
0.493695
0.267182
1.3898
1.40515
0.127646
0.160353
0.105232
0.675354
0.0186474
0.0115064
0.570177
0.0649755
0.193544
0.87211
0.0437974
0.552801
0.00467208
0.385753
0.654355
0.0797026
0.814253
0.595024
0.0330485
0.171359
1.55098
0.265631
0.743822
0.895837
1.67374
0.0758737
0.793445
0.507564
0.214296
0.152404
0.0758043
0.44884
0.0289115
0.706122
1.32741
0.652149
0.151136
0.011238
0.359352
0.173385
0.0501567
0.0811721
0.396527
0.353611
1.16623
0.459494
0.199543
0.739801
0.769254
0.910045
0.205396
0.744902
0.359276
0.400289
0.383666
0.0994994
0.230314
0.660773
0.73668
0.27792
0.00214276
0.251648
0.161084
0.433438
0.226656
2.05598
0.0361215
0.287781
0.266925
0.410918
0.12099
0.0353498
0.313914
0.321993
1.13482
0.0296523
0.208616
1.99667
0.223179
0.269422
0.424389
0.347049
0.242736
1.38615
0.562657
0.435468
0.0438304
0.249473
0.262742
0.554422
0.0611214
1.63774
0.5997
0.107522
0.0973128
0.128612
0.234481
0.0400853
0.238973
0.056859
0.569361
0.041006
0.226288
1.63667
0.950253
0.404311
0.506417
0.573972
0.289659
0.644764
0.450253
0.0534304
1.68087
0.0314735
0.314756
0.0825883
0.161496
0.103175
0.107585
0.474754
0.0587133
0.517161
0.502029
0.390295
0.0605233
0.55229
0.133618
0.0384759
0.155681
0.154536
1.36911
0.103989
0.0359969
1.21219
0.0747843
0.354219
0.312667
0.122801
0.647858
0.274547
0.240676
0.546127
0.0986543
0.203994
0.225105
1.94652
1.08407
0.0788149
0.803867
1.41868
0.316188
0.883556
0.0964273
0.0336389
0.834787
0.348668
0.222864
0.0375787
0.231242
0.64116
0.0187461
0.0190638
0.0408377
0.954477
0.153407
0.36027
0.631721
0.141567
0.816392
0.365665
0.0721727
0.609201
0.195732
0.545924
0.877225
0.272221
0.0792111
0.416027
0.00631596
0.810366
0.488887
0.260107
0.0282348
1.48671
0.160271
0.0871866
0.563597
0.376341
0.110525
0.127079
0.0685565
0.0224574
1.2782
0.294927
0.816565
0.101652
0.297935
0.125258
0.887675
0.214034
0.709516
0.102842
0.712021
0.348649
0.0453891
0.260996
0.120075
1.13211
0.432032
0.185713
0.693144
0.627713
0.0421213
0.850067
0.150314
0.122822
0.470877
0.0852651
0.000116822
0.713141
0.347047
0.0809522
1.23581
0.845771
0.0124913
0.254409
1.39693
0.278602
0.0318964
0.160473
0.106269
0.499873
0.0600184
0.406519
0.75207
1.50811
0.243432
1.10398
0.442114
1.09739
1.15864
0.728224
0.650765
0.0315315
0.205345
0.187733
0.90533
0.0858291
0.170906
0.306574
0.313264
1.19987
0.531392
0.221552
1.06112
0.383319
0.107485
0.294181
0.800635
0.351887
0.0562957
0.232653
1.09288
0.0607628
0.824777
0.189888
0.441746
0.494327
0.102536
1.11564
0.604266
0.088367
1.82556
0.808398
0.14753
1.38304
0.795423
0.0650623
0.410054
0.425932
0.0459699
1.04266
0.251234
0.489632
0.51789
0.10841
0.58508
0.282007
0.24319
0.342113
0.278409
0.114197
0.180259
0.0687692
0.118196
0.214257
0.76531
0.431724
0.23428
0.048893
0.0679954
0.291068
0.0436972
0.406977
0.790881
0.135752
0.0959118
0.443252
0.72234
0.120201
0.184046
0.228554
1.815
0.00849266
0.0532018
0.232431
0.546856
0.0708211
0.908042
0.0653124
0.243862
0.445491
0.0859853
0.32495
0.188001
0.548046
0.954297
0.101968
0.209011
0.522137
0.386719
0.192952
0.137096
0.126392
0.113479
0.258366
0.182992
0.31288
0.00310432
0.715773
0.382574
1.21126
1.07509
0.148762
0.107286
0.31507
0.330233
0.0806992
0.882056
1.06896
0.0127382
0.0984667
0.380342
0.0447111
0.1601
0.0296658
0.322315
1.00238
0.881171
0.537107
0.00185189
0.284312
0.33382
1.14475
0.0775221
0.652344
0.592347
0.0820072
0.0879831
0.0182857
0.187521
0.421711
0.181491
1.09655
0.0530978
0.158158
1.09839
0.83843
0.272153
0.671392
0.0468489
0.877165
1.04417
0.0491818
0.222893
1.58438
0.710584
0.244088
0.115068
0.073652
0.719904
0.341766
0.07741
0.0874636
0.235671
0.0676227
0.825631
0.733026
0.0115697
1.19967
0.107416
0.394403
1.00111
0.0921498
0.00290947
0.0618231
0.49575
0.303314
0.155872
0.364591
0.127609
0.219899
0.188075
0.830363
0.132312
0.00925119
1.23167
0.848736
0.507451
0.321238
0.386392
1.24964
0.837184
1.30146
0.0912008
0.0074693
0.0755504
0.210286
0.248133
0.317775
0.694681
0.525252
0.0884398
0.14206
0.470933
0.370864
0.0430472
0.167496
0.159652
0.023831
0.280623
0.0615801
0.11588
0.0620008
0.972784
0.311033
0.0773013
0.980808
0.0177806
1.58435
0.239795
1.26472
0.431007
0.118774
0.0253662
0.484139
0.123958
1.64146
0.368574
0.0191464
0.245412
0.396444
0.242587
1.53316
0.535366
0.245789
0.485412
0.140932
0.29889
0.129292
0.500682
0.598739
0.818201
0.22863
0.72556
0.0463462
1.06216
0.0169695
0.387896
0.453615
0.209423
0.402976
0.0925825
0.206777
1.43777
0.120147
0.155871
0.6587
0.221572
0.504521
0.439158
0.133074
0.724757
0.237832
0.00683507
0.0812604
0.49462
0.191748
0.0447847
0.134585
0.121299
0.500477
0.348411
0.904582
0.0412618
0.464285
0.0937849
0.414788
0.142851
0.205285
0.140267
0.286007
0.226255
0.799567
0.0269859
1.53536
0.94796
0.140961
0.607629
0.196771
0.588328
0.169255
1.12845
0.235893
0.621235
0.0266669
0.124692
0.468597
1.23591
0.801562
0.556525
0.290537
0.102983
1.1474
0.670485
0.287391
0.534232
0.0493604
0.622891
0.500163
0.333461
0.867263
0.746229
0.179371
0.0181142
0.455142
0.0231599
0.578748
1.32597
0.992514
0.754615
0.0499588
0.448158
0.400993
0.0864493
0.190987
0.0695825
0.142268
0.0174377
0.202072
0.172434
0.31566
0.809498
0.96429
0.711925
0.11457
0.307121
0.0118366
0.0878246
0.0561885
0.0419064
0.617178
0.0421794
0.168958
0.0410363
0.281162
0.146779
0.127894
0.051293
1.40272
0.000625305
0.0852082
0.478637
0.613575
0.026633
0.821319
0.0135291
0.219243
0.52777
0.284581
1.09915
0.0407486
0.0127095
0.00957638
0.365256
1.48116
0.397824
0.624174
0.0986258
0.21361
0.545048
1.02671
0.433631
0.58141
0.446583
0.387315
0.925744
0.094248
0.426636
0.834744
1.51634
0.412461
0.465023
0.0971055
0.0946518
0.261427
1.17509
0.0546685
0.873794
0.0443283
1.03779
0.374847
0.115014
0.18946
0.155584
0.00187391
0.292652
0.667515
1.1537
0.174122
0.956919
0.15193
0.334077
0.71667
0.00697396
0.113655
0.654405
0.305316
0.860718
0.492971
0.136208
0.439919
1.03288
0.63625
0.143475
0.591339
0.416656
1.494
0.50338
0.224205
0.845206
0.627776
0.394624
0.766095
0.032676
0.00168677
0.305949
1.14593
0.672045
0.343698
0.265117
0.686266
0.14387
0.0495576
0.752627
0.0836149
0.0168939
0.0337543
0.757995
0.172115
0.66884
1.72626
0.121606
0.0659073
0.234716
0.0158825
0.212699
0.0771916
0.301523
0.727718
0.682438
1.02289
0.0558849
0.568352
0.1351
0.402744
0.00791756
0.189202
0.289269
0.537949
0.529594
0.446237
0.505687
0.0776594
2.58786
2.63642
0.0882891
0.67393
0.13421
0.0549999
0.930147
0.410239
1.63308
0.0661724
0.162362
1.06936
0.62969
2.11367
0.316182
0.27036
0.196581
0.11091
0.24987
0.204471
0.0168571
0.20883
0.0480442
0.0511867
0.429828
2.172
0.144317
0.0808681
0.251334
0.104749
0.264951
0.221283
0.652747
0.30527
0.586
0.863705
0.159024
0.127872
0.034485
0.319316
0.0424649
0.243937
0.559969
0.309473
0.2575
0.432534
0.375964
0.370043
0.66188
0.021516
0.135059
0.326881
0.550741
1.35078
0.54504
0.02308
0.54529
0.116214
0.0860268
0.15908
0.23914
0.115609
0.198663
1.01678
0.577762
0.283727
0.681656
0.425274
0.555903
0.543539
0.0109719
0.387335
0.0753279
0.569426
0.738563
0.671627
0.344683
0.720816
0.450666
0.719969
0.0092361
0.289308
0.10694
0.323905
0.412766
0.0366049
0.365629
0.116193
0.213895
0.0857301
0.0418927
0.216557
0.00216515
0.0354956
0.0949657
0.542227
0.428046
0.226843
0.0286489
0.257506
0.386792
0.416544
0.312752
1.16421
0.897534
0.0242595
0.249421
0.345373
2.36633
0.545307
0.10348
0.335178
0.0942876
0.595996
0.249316
0.323419
0.140508
0.0401563
0.0753795
0.0598559
0.914151
0.239353
0.145907
0.947094
0.326604
0.424204
0.130765
0.207062
0.0664466
0.0518143
0.342975
0.368167
0.543879
0.666576
0.207017
0.94158
0.0909514
0.088987
0.0993273
0.288646
0.549424
0.171182
1.07921
0.0140877
1.28241
0.358392
0.144465
0.16058
0.139412
0.0324139
0.870037
0.195047
0.0562927
0.221531
0.247003
0.0816263
0.729196
0.787446
0.579689
0.347224
0.110425
0.834695
1.06386
0.211283
0.289415
0.710473
0.408897
0.0552648
0.080144
0.267428
0.416162
0.258836
0.510932
0.960925
0.556702
0.32257
0.462251
0.395314
0.237357
1.61256
0.122818
0.53857
0.328635
0.0789161
0.0626919
0.181891
0.00523576
0.0478018
0.0132669
0.937631
1.35383
0.122569
0.230527
0.680725
0.333289
0.141451
0.215404
0.193313
0.457101
0.0802631
0.0514318
0.493235
1.7019
0.0176158
0.984937
0.230097
0.35484
0.262513
0.072137
0.584699
2.32463
0.527265
0.0497775
0.816765
0.609052
0.635104
0.0694746
0.978171
0.0107825
0.219708
1.61377
0.589136
0.447498
0.758811
0.0961827
0.811713
0.0311831
0.0296543
0.0769197
0.703598
1.11827
0.240528
1.35897
0.0719525
0.0890521
0.318046
0.0770941
0.0622758
0.237924
1.03905
1.95088
0.135273
0.966631
0.381403
0.22963
0.760412
0.939047
0.559808
0.320362
0.18373
0.0316966
0.720161
0.597865
0.165242
0.0610012
0.464335
0.240088
1.1805
0.442366
1.86137
0.386226
0.0023177
0.353373
0.366829
1.32598
0.916322
0.162672
0.0177893
1.09423
0.0205495
1.24834
0.133702
0.0939392
1.03466
0.0398914
0.330299
0.798212
0.383685
0.579521
0.0975159
0.245151
0.295058
0.591349
0.0787829
0.734068
0.0317306
0.324594
0.278032
0.50272
0.389384
0.401383
0.131558
1.4857
0.263514
0.170664
0.261856
0.412043
0.829438
0.034045
0.0957635
0.800349
0.21301
0.230178
0.00859227
0.382073
0.641046
0.0376068
0.127536
0.905758
0.314887
0.00277886
0.0975684
0.171732
0.0730629
0.201105
0.0921585
0.29421
0.0766729
0.799498
0.245246
0.634721
1.65458
1.02808
0.116265
0.0978827
0.406448
0.70408
0.231448
1.15509
0.307872
0.0468051
1.00857
0.217294
0.0761295
0.128609
0.742142
0.376213
0.0839583
0.237948
0.153115
0.3791
0.0265064
0.227205
0.577349
0.0787086
0.15222
0.0368923
0.0798492
0.702476
0.038639
0.0381829
0.869377
0.0487848
0.129789
0.00693779
0.0346919
0.352297
0.30627
0.559546
0.0231564
0.905388
0.154363
0.0221353
0.364303
0.138725
0.462446
2.97111
0.49926
0.341891
0.184198
0.153824
0.077288
0.36281
0.0405959
0.311783
1.21131
0.237921
0.695162
0.107586
0.231485
0.597998
0.752558
0.162159
0.563628
0.133212
0.206736
0.257089
0.0265203
0.0217733
0.454422
0.357601
0.255366
0.0790687
0.224989
0.352187
0.430543
0.608258
1.648
0.464838
0.240995
0.475073
0.000126494
0.123418
0.297756
0.0316754
0.0133052
0.159212
0.0614568
0.862082
0.862916
0.0386912
0.372292
1.67363
0.306725
0.445674
0.576149
0.251812
0.105143
0.888515
0.223878
0.305248
0.0566228
0.156359
0.700362
0.159057
0.365987
0.0111778
0.200304
1.10505
0.386445
0.413807
0.135504
0.174978
0.748828
1.11492
0.179456
0.107513
0.589081
0.264063
0.770694
0.0479551
0.0180386
0.00754473
0.608474
0.832488
0.37661
0.11212
0.100381
2.24572
0.0500152
0.725803
0.51255
0.122281
1.88849
0.261717
0.36545
1.01453
0.0375121
0.128584
0.0347463
0.740159
0.832418
1.29474
0.454251
0.0262946
0.712706
1.42624
0.264397
0.232746
0.0777724
0.140575
0.515617
1.21654
0.997549
0.71621
0.246198
0.99977
0.281741
0.0929634
0.391258
0.000676379
0.668196
1.14746
0.873121
0.247673
1.11929
0.117822
1.9071
0.127677
0.927733
0.982325
0.314254
0.279412
0.382295
0.111199
0.113402
1.10637
0.300087
1.17963
0.578793
0.914825
0.537179
0.243388
0.244423
0.247391
0.169036
0.264102
0.121442
0.498774
0.70899
0.324656
0.537813
0.757144
0.461269
0.924374
0.634826
0.0318616
0.0640359
0.00942396
0.0361388
0.10395
0.686711
0.581309
0.548924
0.816405
0.419494
0.593376
0.0444739
0.31742
0.0508769
0.20308
0.462448
0.181614
0.243138
0.161854
0.430585
0.713738
0.251788
0.127232
0.339688
0.025719
0.013024
1.22851
0.460178
0.546095
0.295175
0.664241
0.143015
0.427648
0.313962
1.18776
0.0431451
0.16669
1.04537
0.831851
0.0464672
0.459661
0.2028
0.128489
0.0740191
0.263598
0.31663
1.0293
0.732744
0.949516
1.09151
0.0799976
0.355136
0.0317671
0.09361
0.104905
0.7142
0.770429
0.495389
0.506475
0.240316
0.246564
0.313293
0.122081
0.00810371
0.179123
0.0215295
0.54562
0.216616
0.103173
0.0396836
0.352205
1.00761
0.0453541
0.241762
0.0610305
0.559569
0.189437
0.0681263
0.263057
0.348195
1.20178
0.000239766
1.06004
0.985737
0.265572
0.332229
0.76472
0.845485
0.733169
0.0229912
0.180811
0.121209
0.968169
0.724895
2.29004
0.396631
0.066656
0.309567
0.610617
0.655041
0.161533
0.389386
0.101512
1.1241
0.315257
0.0497962
2.66909
0.163683
0.211099
0.572167
0.325851
0.41197
0.212116
0.0684285
0.462628
0.228709
0.409938
0.125745
0.0755743
0.982055
0.147368
0.234754
0.325325
0.350888
0.77256
0.0951673
0.0421552
0.282664
0.132461
0.210966
0.196315
0.14097
0.64246
0.879833
0.852512
0.424737
0.9413
0.0385413
0.783852
0.419128
0.170229
1.70078
0.405108
1.03298
0.965096
0.47882
1.2591
0.372733
0.350302
0.247746
0.143489
0.197876
0.794375
0.610207
0.440742
0.57392
0.303663
0.229309
0.561782
0.195771
0.254902
0.0297752
0.119504
0.190542
0.549687
0.25363
0.550292
0.295478
0.135552
1.45111
0.328232
0.507464
0.0601309
0.0380576
0.402484
0.169507
0.156497
0.478248
0.55696
0.0751816
0.243233
0.36904
0.017494
0.435182
0.430298
1.52536
0.284979
0.290478
0.216543
0.553401
0.390857
0.0890209
0.777581
0.15731
0.0738564
0.386611
0.581719
1.41159
0.272581
0.667742
0.0602615
1.01831
0.969814
0.156854
0.0191751
0.0686788
0.235919
0.416288
0.12162
0.57843
1.80998
0.550032
0.00636312
0.141473
0.0751492
0.287053
0.0138935
0.443572
1.04871
1.30651
1.34609
1.01696
0.902582
0.463176
0.311828
1.05612
0.817639
0.656254
0.477751
0.1945
0.224066
0.339296
0.361545
0.110777
0.0630672
0.334052
0.108013
0.279204
0.368501
0.201816
0.816218
0.235075
0.0736105
0.0326144
0.00505785
0.457945
0.498302
0.258151
0.508232
0.126686
0.22516
0.277045
0.205965
0.407408
0.666407
0.208051
0.491264
0.578648
0.0565689
0.305159
0.436998
0.0809856
0.244613
1.3636
0.238049
0.0169176
0.722351
0.323449
0.902619
0.61775
1.14317
0.0133454
0.428019
0.244649
0.0845064
0.528853
0.048096
0.13936
0.597141
1.22119
1.38206
1.45609
0.411368
0.0469604
0.198756
0.0458324
0.541733
0.34926
0.272508
0.904061
0.0824628
0.0601975
0.211914
1.25872
0.888118
0.0200143
0.168391
0.90154
0.103594
0.238652
1.34441
0.0643698
0.307037
2.07759
0.30897
0.44547
0.153699
0.0511823
0.694845
0.784377
0.51563
0.106693
0.604959
0.848891
0.848568
0.654559
1.37919
0.214726
1.33201
0.102778
0.24749
0.0779919
0.0491004
0.12483
0.929747
0.789594
0.0552409
0.449104
0.374408
0.171128
0.116294
0.352214
0.178161
0.0655939
0.205038
0.663695
0.00338343
0.705856
0.385509
0.0470704
0.0097642
0.215989
0.3198
0.0796026
0.668711
0.539241
0.408305
0.0939342
0.184519
0.598551
0.00700256
0.0321468
0.496748
1.061
0.496608
0.38597
0.0794967
0.153696
0.0649215
0.568694
0.0073689
0.509622
0.516883
0.640065
0.342363
0.314477
0.436436
0.155197
0.344442
0.0209438
0.0719144
0.0181506
0.315946
0.130531
0.465339
1.01469
0.10882
0.138398
1.00455
0.205532
0.591173
0.393392
0.322815
1.14487
0.422958
1.01261
0.126432
0.177357
0.311236
1.03035
0.662234
0.023103
0.512462
0.43375
0.0542293
1.7392
2.77455
1.24189
0.278496
0.0551736
1.19898
0.062521
0.0271411
0.0123429
1.83869
0.33819
0.0417829
0.0920257
0.53335
0.0220139
0.561203
1.30982
0.130971
0.66787
0.526029
0.425629
0.229684
0.445712
1.19294
1.1454
0.770558
0.181991
1.37263
0.0420012
0.303301
0.786358
1.53345
1.02797
0.638687
0.427934
0.178585
0.906259
1.92598
0.270131
1.89221
0.0170281
0.0105168
0.143674
0.751805
0.508182
0.731583
0.391691
0.207835
0.0468261
0.711849
0.129271
0.253614
0.391123
0.00343437
0.909219
1.60893
0.147535
0.202533
0.284643
0.425745
0.182927
0.523407
0.50825
0.207645
0.00121604
0.935241
0.642438
0.073238
0.55146
0.147751
0.790369
0.359695
2.45949
0.750341
0.13175
0.459436
0.006777
0.916558
0.160077
0.656874
0.116315
0.00717198
0.0393924
1.45042
1.5331
1.0088
0.197247
0.171211
0.291823
0.502405
0.429268
0.432953
1.03306
0.160176
1.31418
0.147538
0.398443
0.0572148
1.25476
0.480611
0.774949
0.0534342
2.06307
0.249539
0.697441
0.44437
0.236093
0.163127
0.425135
0.115983
0.598436
0.558146
0.1707
0.0995256
1.02409
0.0256925
0.139918
0.27983
1.00589
0.255311
0.934406
0.826051
0.93637
0.207736
0.229452
0.242821
0.254633
0.0371669
0.11039
0.201135
0.161598
0.806495
0.0108576
0.306699
0.877304
0.0212852
0.145521
0.025549
1.03579
1.1469
0.314636
0.820657
0.251625
0.0604309
1.49311
0.176554
0.541896
1.03114
0.473774
0.00781371
0.402914
0.151722
0.47461
2.37989
0.448007
0.180239
0.122531
0.258888
0.591949
0.49665
0.0540863
0.272221
0.630599
0.195067
0.21884
0.27509
0.470084
0.0499607
0.0681365
2.06333
0.667021
0.736622
0.611897
0.191536
0.0992258
0.112581
0.0567064
0.00611562
0.0299831
0.310369
0.605875
0.217937
0.268728
0.356962
0.917472
0.0351671
0.109689
0.209024
0.0608761
0.0731043
0.95523
0.0387364
1.33836
0.38742
1.21935
0.100974
0.0298649
0.185962
0.417059
0.702477
0.670468
0.300268
0.176306
0.421701
0.752029
0.292406
1.86888
0.541334
0.346505
0.32038
0.464722
0.49253
0.00327534
0.190161
0.0595772
0.0315076
0.932022
1.22586
0.429284
1.43353
1.86058
0.569858
0.0376376
0.209448
0.612915
0.0833287
0.0396391
0.176738
1.76108
0.177335
0.381175
0.499072
0.061229
0.181799
0.00877219
0.668652
0.641705
1.04182
0.0941994
0.838924
1.27842
0.811558
0.132655
0.417745
0.542817
0.29528
2.01612
0.246907
0.121766
0.450903
0.256475
0.0636391
0.0636738
0.476506
0.233475
0.108453
2.36837
0.172986
0.862735
0.236341
0.676089
0.0597931
0.173424
0.155219
0.200892
0.173942
0.035411
0.192064
0.106242
0.244717
0.345318
0.380484
0.655241
0.605715
0.0428295
0.0494847
0.303342
0.858804
0.283799
0.957792
0.0408617
0.0351907
0.917382
0.223282
0.766635
0.354786
0.386273
0.582364
0.996612
0.687981
1.61552
0.529527
0.64424
0.589439
0.407056
0.318417
0.461574
0.249757
0.573605
0.0620523
0.0652389
0.46132
0.244229
0.315505
0.695799
0.907967
0.309377
0.127761
0.268326
0.109571
0.455655
0.195898
0.984336
0.744988
1.01575
0.217344
0.033779
0.726116
0.454612
1.34625
1.25662
0.241727
0.567796
1.09577
0.914324
0.27069
2.39577
0.359495
0.58054
0.511528
0.0232728
0.0634785
0.311094
1.9063
0.601999
1.40119
0.137777
0.787476
0.0592834
0.79304
0.702041
1.40014
0.00361862
0.573674
0.568963
0.159673
0.362458
0.221899
0.72043
0.119746
0.564319
0.426694
0.350831
0.0909916
0.25442
0.153745
0.675543
1.3609
0.277254
0.618392
0.355592
0.792991
0.246517
0.24483
0.588771
0.0316472
0.164174
0.882211
0.960799
0.202246
0.161858
0.120451
0.0503309
0.431053
0.407241
0.164011
1.15062
0.125549
0.229298
0.555991
0.203213
0.359987
0.679812
0.350832
1.7583
0.496885
0.614989
0.484365
0.0388327
0.315267
0.629677
0.00147966
0.653337
0.649345
0.556221
0.139904
1.25373
0.393633
0.531844
0.622539
0.2102
0.303515
0.0175009
1.46127
0.0742022
0.0772945
0.219891
0.344353
0.114439
0.176968
0.0170054
0.875977
0.163461
0.699399
0.220623
0.199111
0.222068
0.0901907
0.743208
0.46631
0.274874
0.277436
0.266269
1.14329
0.122434
0.625749
1.4704
0.404444
0.0085197
0.330607
0.476137
0.402247
0.75351
0.544446
0.0769637
0.568336
0.147811
0.555324
0.749421
0.997349
0.186438
0.090513
0.707682
0.374753
0.30453
0.364935
0.270646
0.606638
0.0822648
0.121862
0.190888
1.13252
0.0250943
0.581181
0.809624
0.668889
0.24378
0.227721
0.693002
0.856131
0.362376
0.589321
1.99666
0.454757
0.428726
0.079338
0.0161274
0.0782097
0.204428
0.0931439
0.5143
1.65015
1.85516
0.433213
0.441092
0.52289
0.386
0.139794
0.0134146
0.0709589
0.175967
0.583872
0.424514
0.352173
0.594696
0.309357
0.347138
0.0182618
0.654257
0.236218
0.259982
0.0645348
0.403212
2.57394
1.14964
0.118659
0.126977
1.12303
0.341682
0.0370569
0.182504
0.181262
0.162131
0.832523
0.157605
0.0927248
0.00318096
0.921925
0.591831
0.101906
0.022308
1.08236
0.127199
0.322983
0.123968
0.280949
0.460948
0.0529302
1.02729
0.49026
0.0152417
0.0654183
0.232055
0.509988
0.0594975
0.219188
0.0452116
0.365131
0.391478
0.103338
0.299978
0.17641
0.134385
0.400789
0.792693
0.391542
0.775402
1
0.00340633
0.049047
0.619228
0.328132
0.0816209
1.21529
0.309265
0.35864
1.22189
2.64106
0.421703
0.00315733
0.0381581
0.0999728
0.293776
0.816598
0.540929
0.614928
0.271867
0.0859243
0.981315
0.228057
0.0276305
0.508723
0.239785
0.131481
0.0155559
0.329155
1.25149
0.00569105
0.74419
0.186273
0.384589
0.0366646
0.254066
0.0749679
0.33297
0.543845
1.2002
0.383245
0.0442092
0.237336
0.67447
1.05425
1.93019
0.221558
0.095092
0.78023
0.749625
0.562789
0.277665
1.22598
0.237961
0.679458
0.202509
0.621125
0.565957
0.557663
0.391062
0.970011
0.514889
0.422002
0.0171057
0.0164757
1.02035
0.242032
0.181023
0.357513
0.376693
0.965885
0.965983
0.150522
0.147733
0.584055
0.121248
0.0538915
1.01578
0.559677
0.0448812
0.128011
0.108534
0.444788
0.336631
0.118016
1.08963
0.461513
0.0109073
0.955647
0.125257
0.544998
0.592755
0.226061
0.53803
0.69559
0.012315
1.70756
0.738505
0.582153
0.666043
0.249317
0.824118
0.13923
0.520183
0.0227988
0.423906
0.239095
0.58487
1.07318
1.01542
0.290761
0.0651642
0.608844
0.366464
0.0157293
0.235888
0.402818
0.531544
0.261371
0.276059
1.33557
0.0950015
0.368368
0.326451
0.0617674
0.371844
0.0796889
0.667902
0.392877
0.307675
0.264399
0.125473
0.155669
0.740207
0.141796
0.15141
0.0646137
2.87339
0.149953
0.286117
0.0948317
0.00648851
0.52236
0.152665
0.846594
0.324058
0.0510115
0.906839
1.35011
0.432633
0.549867
1.82947
0.417196
0.262764
0.616432
0.0810959
0.317122
0.305831
0.0902116
1.00894
0.853834
0.116765
0.385961
0.022258
1.49457
0.538297
0.853308
0.0338196
0.299626
0.115482
0.276076
1.87863
0.0858442
0.065784
0.442293
0.359137
0.07049
0.0917253
0.120968
0.0734861
0.217987
0.0101492
0.393884
0.114665
0.557029
0.150112
0.120661
0.396171
0.0350487
0.140602
1.31095
0.068662
0.594899
0.113564
0.133479
0.171328
1.15257
0.182108
0.980586
1.13459
0.0108507
0.0379037
0.24654
0.00268869
0.158019
0.585716
0.0637059
0.911558
0.104224
0.0912286
0.771764
0.138789
0.236705
0.0757604
0.174202
0.319026
0.53977
0.254961
0.267199
0.329554
0.570525
0.22743
0.0951843
0.290824
1.11677
0.53445
0.0553726
0.210277
0.43996
1.41283
0.0132132
0.268108
0.196985
0.065633
0.0620444
0.3288
0.135041
0.136261
0.362474
0.000320524
0.186037
0.211773
0.281029
0.0582424
0.324998
0.117551
0.544279
0.620154
0.0297306
0.366806
0.841927
0.0653262
0.676802
0.402374
0.328508
0.369368
0.589182
0.0130718
0.322242
0.176115
0.489669
0.0439967
1.72601
0.251331
0.124447
0.410635
0.106203
0.844436
0.0957253
0.203108
0.343017
0.175796
0.0284847
0.110875
0.304502
0.234789
0.101489
0.817268
0.304153
0.0519902
0.649708
0.049444
0.0112375
0.136561
0.382476
0.265409
0.851274
0.44086
0.28665
1.86124
0.444813
0.0246044
0.810976
0.234646
0.159284
0.221421
0.183573
1.85376
0.171301
0.559694
2.68281
0.809399
0.189746
0.494221
0.180287
0.544213
0.728838
0.234032
0.192203
1.52791
0.671923
0.177285
0.758585
0.300119
0.241093
0.123832
0.611813
0.223944
0.0146494
0.902788
0.934788
0.107168
0.171292
0.288454
0.0599394
0.399292
0.435627
0.274874
0.431068
0.376515
0.286719
0.325789
0.741196
0.175518
0.0221395
1.42253
0.48026
0.0142375
0.0313024
0.319299
0.029195
0.270785
0.168506
0.74625
0.534817
0.713585
0.502597
0.123742
0.0804997
1.19711
0.526739
0.119116
1.21938
0.639891
0.846293
0.109214
0.366078
0.0997198
0.18205
0.208434
0.149874
1.46891
0.36322
0.392541
0.507328
0.726349
0.162075
0.899174
0.870671
0.646971
0.112935
0.456201
0.734902
0.0317057
0.756551
0.177064
1.40316
0.535197
0.295511
0.113641
0.307097
0.0395611
0.209332
0.528899
1.62412
0.647831
0.307023
0.261684
0.0180261
0.345812
0.558351
0.498281
0.072752
0.147203
0.878712
0.335468
0.151556
0.732081
1.73977
0.284024
0.454821
0.7704
0.222271
0.267522
0.0389617
1.12764
0.114346
0.256983
0.557899
0.907771
0.0346852
0.26245
0.289605
0.0698255
0.566948
1.33989
2.36937
0.136675
1.23646
0.0953115
1.07313
0.402968
0.379531
0.0637418
0.418095
0.260907
0.579053
0.485534
1.00611
0.229183
0.170492
0.62899
0.002637
0.965293
0.0193631
0.200367
0.176944
0.373783
1.04051
0.461683
0.16961
0.58254
0.132317
0.351247
0.582504
0.479887
0.0121801
0.333411
0.153013
0.0718311
0.27457
0.914441
0.43829
0.971971
0.164097
0.169286
0.0625663
0.101679
0.162236
0.310337
0.244929
1.31307
2.20022
0.0573333
0.166478
0.393977
0.301985
0.234108
0.221052
0.311538
0.780742
0.101669
0.921374
0.424068
0.0595302
0.0964058
0.172572
0.518362
0.965768
0.254101
0.199783
0.131144
0.0488319
0.10084
0.0845052
0.215504
0.24834
0.245319
0.0941787
0.0520385
0.179707
0.165749
0.498753
0.372062
0.539031
0.695051
0.13677
0.156741
0.883893
1.14572
0.144225
0.0911128
0.573173
0.428718
1.19068
0.146948
0.115789
0.156631
1.14037
0.147314
0.0818525
0.0716614
0.0253505
0.388581
0.302232
0.215495
0.233211
0.253211
0.372553
0.126755
0.828416
0.197649
0.0322283
0.596248
0.529851
0.268854
0.464849
0.131059
0.323784
0.300425
0.0986935
0.00640819
0.184712
0.37979
0.0841787
1.04437
0.048975
0.753534
0.256482
0.752247
0.440761
0.133479
0.0341361
0.0472142
0.00155234
0.454749
0.487586
0.469901
0.21526
0.491388
1.19204
0.19588
0.607818
0.339313
0.131117
0.338103
0.162886
0.818144
0.368801
0.337034
0.0866991
0.80453
0.0258292
0.921255
0.981728
0.114237
0.447355
0.254413
0.624635
1.37374
0.180924
0.055848
0.262418
0.119233
0.301211
0.423977
0.195704
1.14809
0.404508
0.0554656
0.273573
1.27965
0.0964917
0.303012
0.539253
0.0975743
0.112762
0.15669
0.617118
0.713226
0.364164
0.29703
2.02567
0.785429
0.197087
1.38196
0.0789462
0.68731
0.336529
0.405876
0.560344
0.553587
0.0961669
0.964851
0.21049
0.973566
0.37044
0.154353
0.668807
0.329108
0.462042
1.04987
0.218436
0.127815
1.05257
0.0721227
0.665934
0.205275
0.0134623
0.179191
0.342783
0.646189
0.454272
0.0154552
0.197149
0.0605408
0.452109
0.871273
0.536118
0.0556501
0.0862293
0.031545
1.98723
0.308064
0.379148
0.480956
0.105814
0.30844
0.228591
0.680241
0.497346
1.04683
0.735259
0.531955
0.136124
0.524054
0.164439
0.160786
0.959675
1.32539
0.522112
0.363883
0.218316
0.806375
1.28656
0.141519
0.0671196
0.273237
0.36257
0.0823999
0.0826658
0.736218
0.572917
0.664951
0.280995
0.321284
0.301736
0.995715
1.14866
0.627826
0.0304748
0.0437186
0.60832
0.608844
0.725342
0.315407
0.211099
0.248728
0.455565
0.254915
1.21547
1.1062
0.37649
0.309617
0.191455
0.724687
0.484099
0.474969
0.065125
0.125135
0.71863
0.00102056
0.290808
0.175586
0.0553193
0.484458
0.691559
0.395358
0.0757121
0.374191
0.612439
0.678918
0.576073
0.125645
0.705213
2.78909
0.00882096
0.74178
2.45005
0.421826
1.04172
0.480246
0.292111
0.322785
0.593063
0.177627
0.032234
1.7483
0.607308
0.00470845
0.267939
0.603792
0.159571
0.252299
0.253204
0.34525
0.934365
0.00707336
0.0215067
0.223921
0.154108
0.275405
0.982019
0.279259
0.0480249
0.292265
0.72676
1.58743
0.118362
0.00366661
1.50121
0.218584
0.028292
0.0427296
1.1569
0.138938
0.302181
2.00942
0.0877475
0.573568
0.107432
0.305183
0.398199
1.25553
0.691911
0.64527
0.469562
0.888243
0.0057979
0.329554
0.435836
0.0159497
0.0511633
0.959312
0.892126
0.012668
1.69614
0.781945
0.154886
0.501898
0.145205
0.0792971
0.173868
0.823401
0.580248
0.204759
0.0879056
0.856349
1.69367
0.212619
0.971339
0.782622
0.136734
0.462597
0.157714
1.74013
0.53278
0.339219
1.86053
0.788653
0.56658
0.0686717
0.044753
2.26703
0.610265
0.026161
0.336549
0.739593
0.0346385
0.0669281
1.26873
0.10844
0.2437
0.0722116
0.560153
0.00548624
0.190529
0.275815
1.16304
1.24905
0.721287
0.485194
0.483093
0.329343
0.0295659
0.0861897
0.102777
0.15054
0.216143
0.233938
0.124316
0.113497
0.113431
0.273752
2.41684
0.328877
0.255083
0.00979149
0.587613
0.251332
0.0200784
0.389062
0.29706
0.155889
0.486601
0.00616781
0.621647
0.794196
0.588128
0.366437
0.200033
0.743545
0.934496
0.357354
0.0495698
0.204454
0.111198
0.798072
0.131338
0.169404
0.517287
0.971344
0.254459
0.51408
0.224915
1.30257
0.654483
0.215729
0.0614486
0.0719582
0.414153
0.0294764
0.521341
0.412908
1.16043
1.34861
0.829453
0.545429
0.130473
0.103811
0.0897874
0.122791
0.281594
1.68164
0.0980396
0.579199
1.09399
0.754013
0.0176453
0.11067
0.951737
1.00603
0.830026
0.722084
0.154722
0.871866
0.297832
0.611836
0.525398
1.19661
0.644797
0.101666
0.337421
0.0186378
0.26405
0.138359
1.10973
0.172966
0.373187
0.0925374
0.22126
1.2834
1.50643
0.659548
0.743387
0.341524
0.720823
0.175238
0.0457822
0.387352
0.213362
0.27645
1.62516
0.121292
0.552167
0.500801
0.127279
0.00407877
0.581347
0.16023
0.627716
0.449374
0.0858765
1.56325
0.59632
0.590891
1.93859
0.0411164
0.344501
0.432099
0.0082851
0.554752
0.624302
0.718872
0.181852
0.516177
0.869114
0.385774
0.732826
0.277223
0.109012
0.610682
0.203934
1.21897
0.390174
0.383326
0.191771
0.873899
0.739053
0.0754294
1.21206
0.345358
0.473033
4.86812e-05
0.262501
0.264078
0.355964
0.506835
0.0407354
0.162451
0.14737
0.100781
0.322188
0.412741
0.141614
0.327608
1.75351
0.279158
0.772742
0.17984
0.296552
0.951478
0.939105
0.436072
0.481031
0.77281
0.297535
0.262892
1.15623
0.318061
0.18327
0.643036
0.0173473
0.907637
0.651317
0.621607
0.00721836
0.485623
0.154102
1.05574
0.589223
0.42423
0.151896
0.60677
0.0273985
0.110206
0.0284706
0.808677
0.977029
0.288489
0.02405
0.132854
0.290125
0.405829
0.16332
0.223745
0.359891
0.597234
0.232658
0.357134
1.36699
0.233025
0.09473
0.943969
0.423693
0.690519
0.0792261
0.411578
0.105068
2.07471
0.76097
0.390832
0.227392
0.160654
1.19016
0.455159
0.312933
0.1469
0.0773693
0.325127
0.660438
0.0430397
0.908376
0.0171717
0.0310046
0.530382
0.0470481
0.286404
0.571256
0.0953464
0.0468568
0.181222
0.948802
0.349924
0.15952
0.670176
0.215538
0.126525
0.407837
0.0974801
0.316702
0.0197272
0.588332
1.26642
0.316006
0.847136
0.401098
0.253911
0.697607
0.362773
0.0910673
0.247389
0.895532
1.59008
0.029861
0.223187
0.317155
0.06297
0.052045
0.496979
0.539565
0.0230437
0.0771868
0.0550299
0.00883405
0.394449
0.0698008
0.0868031
0.394531
0.474427
0.448472
0.350316
0.153333
0.107327
0.110181
0.194569
0.0866194
0.00531149
0.718591
0.258707
0.77565
0.769525
0.843693
0.358656
0.105642
0.41037
0.606826
0.937952
0.361913
0.424027
0.311915
0.0416107
0.0396873
1.22502
0.458769
1.01735
0.609804
0.0616414
0.0388324
0.937989
0.252613
0.45754
0.457905
0.910755
0.0956546
0.542963
0.322954
0.727538
0.0481983
0.133652
0.340989
0.296415
0.165343
0.0671969
0.236518
0.0485446
0.241703
0.00216243
0.950442
0.244806
1.14048
0.440886
1.49772
0.597989
0.214934
0.392547
0.261134
0.754018
0.0855493
0.598312
0.0659865
0.00272578
0.24383
0.265294
1.30259
0.589599
0.0392619
0.0782379
0.0496965
0.316296
0.551607
0.697557
1.06452
0.679608
0.206113
0.285999
0.00253893
0.327109
1.01072
0.361026
0.115333
0.983588
1.1585
0.23949
1.86649
0.0192888
0.531017
0.0642673
0.233313
0.0910724
2.29218
1.16486
0.0711711
0.455143
0.50983
0.0313142
1.08608
0.45795
0.393265
0.811206
0.252502
0.832921
0.314969
0.90533
0.0212787
1.20559
0.0134507
0.478923
0.813217
0.446335
0.295751
0.0968343
0.87672
0.244522
0.105496
0.0526243
0.221663
1.00988
2.10712
0.164102
0.149268
0.0916464
0.652826
0.680627
0.16942
0.0541532
0.127289
0.0146927
0.064805
1.81686
0.122919
0.245937
0.242778
0.334477
0.398323
0.471371
0.143696
0.0285051
0.284588
0.420744
0.228221
0.502478
0.444235
0.406999
0.106562
0.592182
0.331037
1.02186
0.00191845
0.535537
0.0526495
0.49011
0.230993
0.111837
0.367492
0.391454
0.0908841
0.428062
0.148204
1.38919
0.366392
0.176819
0.0759723
0.18338
0.301271
0.0264801
0.261613
0.312144
0.412697
0.0439735
0.133943
1.17814
0.240729
0.239225
1.45164
0.612874
0.416892
0.128472
0.423087
0.158446
0.183698
2.46589
0.378489
0.52449
0.0812471
0.893239
0.745453
0.0579964
1.39347
0.328197
0.159321
0.567298
0.578073
0.107509
0.19163
0.458172
0.184529
0.203878
0.991019
0.505319
0.245781
0.0797715
0.111866
0.639096
0.74759
0.121657
0.172791
0.352964
0.20902
0.0577167
0.0836602
0.265648
0.452865
0.982404
0.00153484
0.867768
0.125786
0.272787
0.443695
0.882625
0.14074
0.0198839
0.168458
0.21879
1.24039
0.0870821
0.437959
0.351159
0.152819
0.836719
0.149518
0.321089
0.320319
0.0709335
0.170572
0.0351529
0.335889
0.13581
0.186479
0.585983
0.232699
0.0764886
0.951612
0.320931
1.00929
0.177801
0.12528
0.46228
0.458305
0.185346
0.234556
0.00424111
0.195622
0.291622
1.53589
0.65244
0.316126
0.135683
0.0202114
0.245465
0.190538
0.294582
1.0462
0.0178241
0.177854
0.172857
0.143195
0.0566045
0.132673
0.27195
0.206908
1.13775
0.173763
0.431604
0.397634
0.0666413
0.042137
0.00345081
0.173998
0.33258
0.273583
0.5385
0.605766
0.125634
0.365199
0.0128674
0.400038
0.599952
0.0316052
0.972011
1.2363
0.268824
0.911271
0.202441
0.356105
0.00379039
0.345971
0.0955883
0.0285384
0.184388
0.0206122
0.65064
1.2406
0.93693
0.0468406
1.10942
0.311977
1.51006
0.371558
0.0381462
1.53753
0.809979
0.262162
0.0474917
0.57304
0.266395
0.16931
1.16153
0.163578
0.111722
0.661537
0.0382851
0.425738
0.722104
0.995602
0.21521
0.213389
0.255635
0.914417
0.224752
0.100162
0.340039
0.759283
0.123608
0.439762
1.94195
0.120013
0.0575689
0.30321
0.133621
0.404193
0.516484
1.09682
0.463529
0.193346
0.349538
0.344228
0.0551124
0.279877
0.1682
1.4379
0.828476
0.539954
0.0513101
0.363177
0.217366
0.0517798
0.117724
1.06872
0.359714
0.0861624
0.722429
1.40057
0.190754
0.814247
0.0803235
0.293882
0.914358
0.289374
0.26651
0.313565
0.368239
0.00713826
0.0795688
1.29089
0.361443
0.0170792
0.169727
0.245472
0.425992
0.018224
0.263503
0.06129
0.195645
0.0603185
0.299729
0.111042
0.100439
0.293457
0.439318
0.133791
0.080556
0.746214
0.520385
0.147821
0.0413777
1.65509
0.108429
0.682626
0.156602
0.0112449
0.414315
0.0181566
0.261842
0.0166601
0.00520327
0.368869
0.249195
0.172855
0.162302
1.32652
0.203387
0.183822
0.295225
0.0221364
0.483018
0.903367
0.235119
0.254778
0.109799
0.360155
0.800262
0.4227
0.300744
0.167071
0.0460673
0.507362
0.850347
1.15819
0.433476
0.194297
0.0793891
0.119063
1.3817
0.511044
0.156906
0.138186
0.493957
0.281788
0.0413791
0.531134
0.0318055
0.4294
0.511949
0.356829
0.67104
0.290848
0.427529
0.575472
0.274362
0.245823
0.888498
0.176661
0.216447
0.935228
0.306336
0.133705
0.136652
0.851077
0.0126998
0.201971
0.178668
0.154673
0.64053
1.50511
0.427064
0.806696
0.114244
0.736599
0.0300143
0.472208
1.18442
0.546078
0.273492
0.921964
0.374414
0.453825
0.477621
0.403573
0.282552
0.807818
0.778387
0.181266
0.0303085
0.835127
0.0585455
0.332241
0.382474
0.306576
0.140895
0.092936
0.00334743
1.21646
0.0735443
0.0953116
0.122182
0.155397
0.30142
0.208992
0.00442449
0.325677
0.66676
0.149202
0.336608
0.0827421
1.59806
0.174185
0.1317
0.518379
0.597385
0.613712
0.0156121
0.0555603
0.759884
0.234458
0.787382
0.250566
0.25795
0.562577
0.611571
0.4155
0.591149
0.0531602
0.179109
0.0714594
1.43413
0.680593
0.0860177
0.944048
0.0322192
0.320255
0.0455486
0.254271
0.0866529
0.123556
0.0778944
0.065509
0.39303
0.23892
0.390042
0.46346
0.567349
0.134832
0.316203
0.52799
0.730288
0.593205
0.291558
0.333279
0.852724
0.366599
0.139239
0.427933
0.533803
0.127167
0.0536161
0.108281
0.925312
0.0446443
0.260527
0.646121
0.0846071
0.553985
0.582339
0.185187
0.0572518
0.234773
0.110195
0.481959
0.23477
0.215444
0.11948
0.277815
0.550693
0.0760195
0.0472672
0.249882
0.325134
0.3726
0.202528
0.119933
0.595053
0.444674
0.533826
0.0192578
0.420512
0.254392
0.57097
0.617152
0.276795
2.31541
0.120955
0.642613
0.429722
0.488545
0.0490856
0.287503
0.337426
0.476367
0.527592
0.178004
0.709445
0.350335
0.551874
0.423838
0.0216639
0.839249
0.0838865
0.195666
0.602266
0.121175
0.0961146
0.268865
0.234899
0.50888
0.250505
0.0583446
0.282871
0.364789
1.12376
0.211835
1.19807
0.139665
0.132134
0.174644
0.548942
0.223422
0.356188
0.238666
0.547078
0.331935
0.313281
0.320418
0.106851
1.31972
0.114819
0.0203805
0.409767
0.732493
0.130352
0.117954
0.219331
0.470934
1.16493
0.563495
0.232311
0.368751
0.425643
0.256695
0.0398387
0.119878
0.0799603
0.117889
0.175292
0.0704088
0.0707672
1.30495
0.407534
0.226936
1.14747
0.0300996
0.187239
0.449848
0.700408
0.29471
0.483153
0.167843
0.177673
0.275573
0.513363
0.0781719
0.462072
0.0378266
1.45449
0.23175
0.127832
0.457888
0.0279624
0.207074
0.398905
0.554717
0.265312
0.165258
0.196688
0.198199
0.661705
0.109486
0.0411492
0.050698
0.410088
1.21209
0.988952
0.735385
0.198768
0.7421
0.091383
0.118321
0.740597
0.216774
0.239757
0.0674347
0.17306
0.134677
0.636771
0.600313
0.207061
0.2371
0.401577
0.0195855
0.151107
0.675731
0.559785
1.06878
0.174635
0.119337
0.87382
0.0201932
0.531379
1.09924
0.408327
0.559222
0.176907
0.173458
0.254435
0.89754
0.292709
1.00862
1.79326
0.0405238
0.487053
0.342899
0.0157277
1.43077
0.069044
0.128094
0.06526
0.304342
0.103123
0.0989985
0.632349
0.473297
0.554085
0.423019
0.47996
0.416079
0.822832
0.117062
0.741449
1.51869
0.0226644
0.209353
0.372519
0.0541436
0.568372
0.236922
0.189321
0.526919
0.36588
0.15747
0.156374
0.047639
1.50244
0.653158
1.62393
2.19853
0.583368
0.333876
0.0726586
0.456916
0.14657
0.561451
0.0293963
0.428372
1.49888
0.411841
0.076295
0.512841
0.183003
0.172436
0.737635
0.190601
0.331752
0.735206
0.216246
0.324851
0.0040431
0.0339371
0.715081
0.436639
0.478825
0.124029
0.079009
0.116215
0.0612765
0.01002
0.134971
0.22028
0.324069
0.121273
0.273509
0.0778897
0.48289
0.745703
0.0426062
0.269658
0.133893
0.210724
0.0782616
0.10382
0.132877
0.0941235
0.957286
1.20001
0.962837
0.160371
0.209852
0.0584498
0.261229
0.649212
0.0146528
0.416693
1.0373
0.570736
0.327554
0.13223
1.06245
0.704596
1.04404
0.609725
0.0639304
0.4674
0.050988
0.187346
0.0197139
0.103126
0.0151806
0.728738
0.150713
0.450423
0.308764
0.447259
0.117907
0.882223
0.695331
0.869016
0.0615398
0.0476714
0.207133
0.368859
0.0415828
0.159732
0.0141272
0.056791
0.032953
0.093556
0.127662
0.306562
0.438593
0.103535
0.277362
0.657683
0.152147
0.39048
0.154422
0.330126
0.261134
0.0511693
0.343033
0.674438
0.1501
0.384901
1.39948
0.169158
0.135367
0.131481
0.468426
0.30011
0.715731
0.177803
0.297154
0.0353941
0.145532
0.32786
0.20283
0.0941756
1.4764
1.01641
0.0150035
0.159554
0.0347232
0.120713
0.297494
0.258329
0.103852
0.560673
1.16705
0.61553
0.253484
0.229329
0.105973
1.43212
0.240716
0.301106
0.591304
0.10033
0.0239624
0.327365
0.952309
0.0469532
0.14257
0.111723
0.0482877
0.00256438
0.0795036
0.11349
0.0268694
0.455093
0.329992
0.0216631
0.128697
0.145997
1.95128
0.251949
0.558513
0.306998
0.290683
1.02598
0.676648
0.327143
0.383208
0.260175
0.386399
0.0116465
0.222792
0.388986
0.306617
0.931605
0.261931
0.141678
0.264993
0.246625
0.00160812
0.591582
0.00426629
1.81882
1.89444
0.0296453
0.27245
0.236545
0.566401
0.337347
0.744233
0.199722
0.123812
0.998795
0.0681343
0.216842
0.317734
0.237124
0.240838
0.357031
0.207507
0.211572
0.61919
0.0356402
0.188858
0.0117963
0.562951
0.878604
0.0325242
0.395518
0.283632
0.115762
0.731207
0.550065
0.70565
0.350417
0.170623
0.391958
0.181018
0.0250239
0.0773728
0.326364
0.94832
0.394864
0.441711
0.393513
0.873136
0.345593
0.234941
0.104221
0.611041
0.35022
0.326819
0.0580347
0.338768
0.372738
1.603
0.0809754
0.365172
0.0794752
2.09365
1.19082
0.0534512
0.420826
0.109614
0.239524
0.245285
0.170821
0.093633
0.210175
0.947739
0.19773
0.287349
0.429781
0.388248
0.523447
0.13481
0.0218909
0.688409
0.0618132
0.249295
0.0317066
0.177591
0.000172057
0.416345
0.877369
0.0990325
1.11943
1.1077
0.0190638
0.0885557
0.0545321
0.424675
0.714759
0.681587
0.199996
0.554738
0.418749
1.29682
0.486615
0.0114183
0.104147
1.03389
0.102112
0.326838
0.842886
0.493107
0.257388
0.412113
0.172651
0.0719155
0.0612388
0.99877
0.633823
0.18464
0.00357887
0.073226
0.106055
0.652671
0.552543
0.265987
2.03267
0.265627
0.300058
0.524212
0.180866
0.5932
0.0463223
0.0416173
0.0199785
0.275614
1.28722
0.334764
0.19355
0.00931094
0.252516
0.114942
0.141762
0.0497115
0.637352
0.101983
0.212798
0.697262
0.885172
0.4477
0.0843472
0.131279
0.0693974
0.00813106
0.944712
1.17329
0.446823
0.20064
0.357635
0.0939911
1.07801
0.22206
0.465954
0.945314
0.199264
0.563441
0.216125
0.161055
0.100389
0.283589
1.48765
1.32215
2.43224
0.149859
0.199466
0.381823
0.468744
1.36928
0.589101
0.210728
1.08308
1.45285
0.17522
0.105721
0.170668
0.130283
1.94794
0.242451
2.12081
0.0634445
0.390595
0.622808
0.270855
0.397217
0.0419985
1.89688
0.434247
1.37927
0.552003
0.175489
0.278352
0.137457
0.307176
0.948705
0.0620413
0.385348
0.0348428
0.0205732
0.80439
0.0329948
0.283155
0.164957
0.219518
0.0352596
0.268441
0.0342226
0.490714
0.159261
1.0439
0.0580429
0.912222
0.188183
0.316602
0.0785325
0.461111
0.133173
0.119281
0.0863134
0.0697681
0.214216
0.181076
0.286291
0.322274
0.314134
0.165786
1.01563
0.735828
0.199717
0.414038
0.0412854
0.106639
0.479707
0.397218
0.346174
0.504553
0.0349814
1.55679
0.0915769
0.292469
0.348206
0.638863
0.378048
0.0224124
0.233063
0.878279
0.37687
0.425279
1.5335
0.829469
0.669694
0.590501
0.118574
0.080646
0.318892
0.0907801
0.217398
0.116591
0.273026
0.126776
0.0881332
1.22148
0.188357
0.0345558
1.43853
0.528992
0.0954731
0.325987
0.22876
0.226486
0.823907
0.0667288
0.158869
0.279358
0.0995526
0.215278
0.275479
0.000492803
0.167245
0.416517
0.356337
0.351897
0.26597
0.294027
0.510877
0.32172
1.2615
0.0871501
1.34271
0.162188
0.000394015
0.37376
0.380894
1.45284
0.741967
0.0437901
0.0612589
0.00464579
1.40281
0.319731
0.830486
0.185542
0.249471
0.0313231
0.0743425
0.181119
1.84194
0.0178965
0.400627
0.014753
0.127746
0.569057
1.1148
0.234219
0.452146
0.151459
0.128538
0.21656
0.0567066
0.263005
0.136835
0.409456
0.325196
0.493649
0.370874
0.272461
0.0461158
0.0462704
0.654592
0.531517
0.205611
0.0134995
0.00110002
0.152685
0.13571
0.608108
0.511889
0.169865
0.685273
0.0871325
0.157358
1.72472
0.490081
1.27835
1.12078
0.179684
0.212746
0.18739
0.0614125
0.0798511
0.395416
0.031045
0.290371
0.0446697
0.20233
0.0906
0.75726
0.538571
0.440576
0.401666
0.0239835
0.440268
0.977502
0.285324
0.137225
0.302812
0.064384
0.576639
0.414282
0.734415
0.124241
0.275207
0.0877737
0.0541655
0.401255
0.24659
0.25973
0.14974
0.223725
0.329474
0.378883
0.765089
0.410898
0.398593
0.613287
0.41292
1.30369
0.398441
0.446912
0.679404
0.838661
0.0517028
0.217716
0.178563
0.620006
0.0255573
0.210947
0.615384
0.347588
0.455661
0.11903
0.0179703
0.0762486
0.0489909
1.22567
0.33393
0.331857
0.050253
0.395084
0.209459
0.329602
0.46021
0.165111
0.388363
0.71801
0.0258594
0.018711
1.16224
0.409129
0.351999
0.517213
0.481331
0.13495
0.107534
1.00678
0.211712
0.571347
0.686157
0.220915
0.0729384
0.463761
0.147567
0.202442
0.0128879
0.337314
0.369488
0.39895
1.16845
0.455538
0.300345
2.01572
0.621158
0.280688
0.448774
0.919488
0.0101706
0.0649687
0.173659
0.747893
1.00795
0.354515
0.132102
0.303508
1.22125
0.319531
0.265428
0.187905
0.0496899
0.409428
0.0345321
0.104231
0.698256
0.893906
0.49078
0.367339
0.0877168
0.0842171
2.65387
0.000536765
0.38068
0.261773
0.82169
0.114805
0.191776
0.869482
0.413325
0.0224383
0.411008
1.39405
0.0730143
0.467368
0.502369
0.814264
0.0333751
0.484051
0.148406
0.213831
1.16171
0.784198
0.405735
0.389684
0.326626
0.399556
0.293384
0.101589
0.0899371
0.67441
0.237654
0.680371
0.0886751
0.33549
0.352243
0.853334
0.319933
0.291694
0.2683
0.448963
0.746329
0.121987
0.694401
0.172499
0.414392
0.482342
0.030442
0.249802
0.101989
1.02064
0.498455
0.531335
0.557917
0.0173537
0.0623632
0.252111
0.158347
0.588533
0.191912
0.144345
0.470932
0.224074
1.08857
0.61815
0.144161
0.0824018
0.0487123
0.577285
0.468473
0.100367
0.0619385
0.664275
0.333035
1.16092
0.274607
0.292919
0.0709627
0.868323
0.860225
0.174427
0.424838
0.60783
0.124486
0.125559
0.0326031
0.0687351
0.682213
0.28187
0.661914
0.132213
0.263529
0.0147271
0.367843
0.427823
0.237783
0.220255
0.048435
0.513688
0.160097
0.889745
0.0617951
1.38124
0.262001
0.156373
0.712663
0.0215695
1.05872
0.366694
0.046839
0.200323
0.221005
0.635002
0.0133059
0.0644375
0.940572
0.372741
0.170598
0.209681
0.377556
0.221135
0.44532
0.673314
0.173948
0.0589581
0.0903871
0.153327
0.075403
0.772102
0.0469054
0.117068
0.925759
0.230586
0.590439
0.245138
0.402881
0.421294
0.0549958
0.250253
0.116305
0.254988
0.641233
0.340442
0.045592
0.304761
0.02866
0.420624
0.361948
0.652307
0.469518
0.0912322
0.638247
1.02925
0.193585
2.98826
0.33518
0.0275613
0.671755
0.0253371
0.176156
0.236617
1.56285
0.0280812
0.114963
0.562412
0.551767
0.334931
0.687885
0.111461
1.38542
0.141122
0.115373
0.746703
0.00437604
1.46286
0.0643765
0.069741
0.399553
0.249317
0.197229
0.104753
0.389682
0.0123357
0.414511
0.0761613
0.0420323
0.0955835
0.0578598
1.44855
0.887565
1.02842
0.0953304
0.631622
1.1708
0.393785
0.538902
0.554509
0.277911
0.473878
0.00488995
0.471412
0.135877
0.324383
0.577543
0.31047
0.172754
0.16229
0.0885916
0.374365
0.110353
0.147113
0.0938074
0.0827276
0.117019
0.74831
0.2255
0.0251552
1.35407
0.207126
0.0320985
0.0391479
0.231225
0.0710612
0.552368
0.145347
0.430221
0.5471
0.0319049
0.403221
0.43565
0.023949
0.412322
0.789571
0.712465
0.205643
0.219964
0.968197
0.327426
0.0516021
0.120177
0.236552
0.774581
0.935992
0.120806
0.28113
0.193396
0.0113972
0.819718
0.164027
0.537205
0.732968
0.516201
1.97543
0.0616703
0.555252
0.787655
0.183128
0.523538
0.161032
0.0694919
0.0420574
0.19161
0.165854
0.61957
0.463846
0.221506
0.548128
1.42205
0.370587
0.876935
0.215255
0.356429
0.40515
0.224158
0.128856
0.0631217
0.0155582
0.0959375
0.177419
0.686334
0.221457
0.786837
0.0652426
0.00753241
0.246278
0.666728
0.930928
0.146958
1.80932
2.03805
0.0364937
0.59215
0.025541
1.02313
0.0373213
0.488675
1.47319
0.0466678
0.390543
1.703
0.125131
0.560954
0.091968
0.446598
2.40201
1.02961
0.734455
0.693918
0.18709
0.0227493
0.00872899
0.147104
0.125853
0.00879672
1.28215
0.0383629
1.309
0.283407
0.169082
0.0146234
0.0956467
0.225799
0.416536
0.56228
0.430353
0.30239
0.638042
0.597487
0.770168
0.121172
0.508862
2.00419
0.61078
0.747958
1.67851
0.177683
0.0304775
0.19293
0.0828396
0.0154626
1.35207
0.448802
0.983258
1.44159
0.805268
0.00945992
1.00019
0.130324
0.0598816
0.00939999
0.425452
0.137221
0.661958
0.236721
0.546528
0.174636
0.576758
0.265493
0.308206
0.270258
0.0530598
0.20957
0.727061
0.0760633
0.159721
1.18969
1.19104
0.00246266
0.503432
0.0135805
0.559856
0.743631
0.721972
