           1       -0.68       -0.68           0
           2       -0.44       -0.56        0.12
           3       -0.52   -0.546667   0.0705534
           4       -0.36        -0.5    0.068313
           5        -0.6       -0.52   0.0565685
           6       -0.44   -0.506667    0.048074
           7       -0.52   -0.508571   0.0406746
           8        -0.2       -0.47   0.0522357
           9       -0.52   -0.475556   0.0464014
          10       -0.36      -0.464   0.0430813
          11       -0.44   -0.461818   0.0390296
          12       -0.36   -0.453333   0.0366253
          13       -0.44   -0.452308    0.033706
          14       -0.52   -0.457143   0.0315781
          15        -0.6   -0.466667   0.0309018
          16       -0.68       -0.48   0.0318329
          17       -0.28   -0.468235   0.0321329
          18       -0.36   -0.462222   0.0308862
          19       -0.44   -0.461053   0.0292388
          20       -0.44       -0.46   0.0277584
          21       -0.52   -0.462857   0.0265576
          22       -0.44   -0.461818    0.025343
          23        -0.6   -0.467826   0.0249502
          24        -0.6   -0.473333   0.0245146
          25        -0.6     -0.4784   0.0240533
          26       -0.68   -0.486154   0.0243758
          27       -0.52   -0.487407   0.0234891
          28        -0.2   -0.477143   0.0248533
          29       -0.52   -0.478621   0.0240265
          30       -0.52       -0.48   0.0232527
          31        -0.6   -0.483871   0.0228208
          32       -0.44     -0.4825   0.0221387
          33       -0.36   -0.478788   0.0217761
          34       -0.44   -0.477647   0.0211567
          35       -0.28      -0.472   0.0213053
          36       -0.36   -0.468889   0.0209375
          37       -0.52    -0.47027   0.0204105
          38       -0.36   -0.467368    0.020077
          39        -0.6   -0.470769   0.0198489
          40       -0.44       -0.47   0.0193616
          41       -0.36   -0.467317   0.0190731
          42       -0.36   -0.464762    0.018788
          43       -0.44   -0.464186   0.0183549
          44       -0.44   -0.463636   0.0179413
          45       -0.44   -0.463111    0.017546
          46       -0.44   -0.462609   0.0171676
          47       -0.68   -0.467234   0.0174236
          48       -0.36      -0.465   0.0172024
          49       -0.44    -0.46449   0.0168554
          50       -0.52     -0.4656   0.0165521
          51       -0.36   -0.463529   0.0163559
          52       -0.52   -0.464615    0.016075
          53       -0.52    -0.46566   0.0158034
          54       -0.52   -0.466667   0.0155406
          55       -0.44   -0.466182   0.0152631
          56       -0.36   -0.464286   0.0151075
          57       -0.52   -0.465263   0.0148723
          58       -0.36   -0.463448   0.0147259
          59       -0.44   -0.463051   0.0144796
          60       -0.36   -0.461333   0.0143394
          61       -0.52   -0.462295   0.0141352
          62       -0.44   -0.461935     0.01391
          63       -0.76   -0.466667    0.014482
          64        -0.6    -0.46875   0.0144054
          65       -0.76   -0.473231    0.014873
          66       -0.52   -0.473939   0.0146631
          67       -0.52   -0.474627   0.0144589
          68       -0.44   -0.474118   0.0142538
          69       -0.44   -0.473623   0.0140544
          70        -0.6   -0.475429   0.0139693
          71        -0.6   -0.477183   0.0138825
          72       -0.52   -0.477778   0.0137012
          73       -0.36   -0.476164   0.0136082
          74       -0.28   -0.473514   0.0136823
          75       -0.36      -0.472   0.0135832
          76       -0.44   -0.471579   0.0134099
          77       -0.36    -0.47013   0.0133137
          78       -0.28   -0.467692   0.0133661
          79       -0.52   -0.468354   0.0132124
          80       -0.44      -0.468    0.013051
          81        -0.6    -0.46963   0.0129915
          82       -0.28   -0.467317   0.0130388
          83       -0.36   -0.466024   0.0129455
          84       -0.36   -0.464762   0.0128526
          85       -0.68   -0.467294   0.0129504
          86       -0.36   -0.466047   0.0128596
          87       -0.52   -0.466667   0.0127261
          88       -0.52   -0.467273   0.0125952
          89       -0.36   -0.466067   0.0125111
          90       -0.52   -0.466667   0.0123858
          91        -0.6   -0.468132   0.0123363
          92       -0.52   -0.468696   0.0122145
          93       -0.36   -0.467527   0.0121388
          94       -0.36   -0.466383   0.0120633
          95       -0.68   -0.468632   0.0121456
          96        -0.6       -0.47   0.0120961
          97       -0.44   -0.469691   0.0119747
          98       -0.68   -0.471837   0.0120446
          99       -0.68   -0.473939   0.0121064
         100       -0.44     -0.4736   0.0119895
         101       -0.44   -0.473267   0.0118748
         102       -0.68   -0.475294   0.0119313
         103       -0.52   -0.475728   0.0118228
         104       -0.44   -0.475385   0.0117136
         105       -0.12      -0.472   0.0120852
         106       -0.44   -0.471698   0.0119744
         107       -0.52    -0.47215   0.0118706
         108        -0.2    -0.46963   0.0120271
         109        -0.2   -0.467156   0.0121703
         110       -0.52   -0.467636   0.0120687
         111       -0.52   -0.468108   0.0119688
         112       -0.68       -0.47   0.0120114
         113       -0.44   -0.469735   0.0119076
         114       -0.28    -0.46807   0.0119194
         115        -0.2   -0.465739   0.0120431
         116        -0.2   -0.463448   0.0121566
         117       -0.28    -0.46188   0.0121538
         118       -0.36   -0.461017   0.0120813
         119        -0.2   -0.458824   0.0121785
         120       -0.44   -0.458667   0.0120776
         121       -0.44   -0.458512   0.0119783
         122       -0.36   -0.457705   0.0119071
         123       -0.44   -0.457561   0.0118108
         124       -0.36   -0.456774   0.0117416
         125       -0.28    -0.45536   0.0117328
         126       -0.36   -0.454603   0.0116639
         127       -0.36   -0.453858   0.0115956
         128       -0.44    -0.45375   0.0115052
         129       -0.44   -0.453643   0.0114162
         130       -0.44   -0.453538   0.0113285
         131       -0.52   -0.454046   0.0112531
         132       -0.52   -0.454545   0.0111787
         133        -0.2   -0.452632   0.0112582
         134       -0.12   -0.450149   0.0114463
         135        -0.2   -0.448296   0.0115113
         136       -0.28   -0.447059   0.0114932
         137        -0.6   -0.448175   0.0114634
         138       -0.44   -0.448116   0.0113802
         139        -0.6   -0.449209   0.0113508
         140        -0.2   -0.447429   0.0114091
         141       -0.28   -0.446241     0.01139
         142        -0.6   -0.447324   0.0113612
         143       -0.52   -0.447832   0.0112929
         144        -0.6   -0.448889   0.0112639
         145       -0.76   -0.451034   0.0113899
         146        -0.6   -0.452055   0.0113575
         147       -0.44   -0.451973   0.0112803
         148       -0.44   -0.451892   0.0112041
         149       -0.52   -0.452349    0.011138
         150       -0.36   -0.451733   0.0110806
         151       -0.52   -0.452185   0.0110163
         152       -0.52   -0.452632   0.0109527
         153       -0.44   -0.452549   0.0108812
         154        -0.6   -0.453506   0.0108526
         155       -0.36   -0.452903   0.0107992
         156       -0.36   -0.452308   0.0107463
         157       -0.68   -0.453758   0.0107757
         158       -0.36   -0.453165   0.0107237
         159       -0.44   -0.453082   0.0106563
         160       -0.44      -0.453   0.0105898
         161        -0.6   -0.453913   0.0105634
         162       -0.44   -0.453827   0.0104983
         163       -0.36   -0.453252   0.0104496
         164       -0.52   -0.453659   0.0103937
         165       -0.44   -0.453576   0.0103308
         166       -0.52   -0.453976   0.0102762
         167        -0.6    -0.45485   0.0102518
         168       -0.52   -0.455238    0.010198
         169       -0.28   -0.454201   0.0101904
         170        -0.6   -0.455059   0.0101665
         171        -0.6   -0.455906   0.0101423
         172        -0.6   -0.456744   0.0101179
         173       -0.52    -0.45711   0.0100659
         174       -0.28   -0.456092   0.0100595
         175       -0.44      -0.456   0.0100023
         176       -0.52   -0.456364  0.00995195
         177       -0.28   -0.455367   0.0099456
         178       -0.36   -0.454831  0.00990407
         179       -0.44   -0.454749  0.00984894
         180        -0.6   -0.455556  0.00982725
         181       -0.28   -0.454586  0.00982082
         182       -0.36   -0.454066  0.00978053
         183       -0.44   -0.453989  0.00972724
         184       -0.52   -0.454348  0.00968088
         185       -0.36   -0.453838  0.00964191
         186       -0.52   -0.454194  0.00959652
         187        -0.6   -0.454973  0.00957686
         188       -0.68    -0.45617  0.00960069
         189       -0.36   -0.455661   0.0095633
         190       -0.44   -0.455579  0.00951319
         191       -0.44   -0.455497  0.00946361
         192       -0.36      -0.455  0.00942732
         193       -0.44   -0.454922  0.00937867
         194       -0.28   -0.454021  0.00937367
         195       -0.44   -0.453949  0.00932575
         196       -0.44   -0.453878  0.00927832
         197        -0.6   -0.454619  0.00926085
         198       -0.28   -0.453737  0.00925607
         199       -0.36   -0.453266  0.00922148
         200        -0.2      -0.452  0.00926223
         201       -0.52   -0.452338  0.00922224
         202       -0.52   -0.452673  0.00918259
         203       -0.36   -0.452217  0.00914864
         204        -0.6   -0.452941  0.00913246
         205       -0.52   -0.453268  0.00909369
         206       -0.52   -0.453592  0.00905523
         207       -0.44   -0.453527  0.00901162
         208       -0.28   -0.452692  0.00900691
         209        -0.2   -0.451483  0.00904488
         210       -0.36   -0.451048  0.00901224
         211       -0.36   -0.450616   0.0089798
         212       -0.36   -0.450189  0.00894756
         213        -0.6   -0.450892  0.00893319
         214       -0.44   -0.450841  0.00889149
         215       -0.52   -0.451163  0.00885588
         216       -0.44   -0.451111  0.00881494
         217       -0.44    -0.45106  0.00877437
         218       -0.44   -0.451009  0.00873418
         219       -0.36   -0.450594  0.00870413
         220        -0.6   -0.451273  0.00869105
         221       -0.52   -0.451584  0.00865722
         222       -0.44   -0.451532  0.00861829
         223       -0.36   -0.451121  0.00858937
         224       -0.28   -0.450357    0.008585
         225       -0.36   -0.449956  0.00855619
         226       -0.44   -0.449912  0.00851836
         227       -0.36   -0.449515  0.00848999
         228       -0.52   -0.449825  0.00845832
         229       -0.52   -0.450131  0.00842688
         230       -0.44   -0.450087  0.00839028
         231       -0.36   -0.449697  0.00836298
         232       -0.44   -0.449655  0.00832696
         233        -0.6     -0.4503  0.00831621
         234        -0.6    -0.45094  0.00830527
         235       -0.44   -0.450894  0.00826999
         236       -0.52   -0.451186  0.00824007
         237       -0.28   -0.450464  0.00823696
         238        -0.6   -0.451092  0.00822631
         239       -0.68    -0.45205  0.00824762
         240       -0.68      -0.453  0.00826792
         241        -0.6    -0.45361   0.0082561
         242       -0.44   -0.453554  0.00822211
         243       -0.52   -0.453827  0.00819276
         244       -0.44    -0.45377  0.00815932
         245        -0.6   -0.454367  0.00814783
         246       -0.52   -0.454634  0.00811903
         247       -0.52   -0.454899  0.00809042
         248        -0.6   -0.455484  0.00807895
         249        -0.6   -0.456064  0.00806734
         250       -0.68    -0.45696  0.00808478
         251       -0.76   -0.458167  0.00814251
         252       -0.52   -0.458413  0.00811385
         253       -0.52   -0.458656  0.00808538
         254       -0.44   -0.458583  0.00805382
         255       -0.52   -0.458824  0.00802579
         256       -0.36   -0.458437  0.00800369
         257       -0.52   -0.458677  0.00797608
         258       -0.52   -0.458915  0.00794866
         259       -0.36   -0.458533  0.00792712
         260       -0.36   -0.458154  0.00790566
         261       -0.52   -0.458391  0.00787888
         262       -0.44   -0.458321  0.00784906
         263       -0.36   -0.457947  0.00782809
         264       -0.36   -0.457576   0.0078072
         265       -0.52   -0.457811  0.00778125
         266       -0.52   -0.458045  0.00775547
         267       -0.36   -0.457678  0.00773509
         268       -0.36   -0.457313  0.00771479
         269        -0.2   -0.456357  0.00774535
         270       -0.44   -0.456296  0.00771685
         271       -0.44   -0.456236  0.00768855
         272       -0.36   -0.455882   0.0076684
         273       -0.68   -0.456703  0.00768424
         274        -0.6   -0.457226  0.00767398
         275        -0.6   -0.457745  0.00766363
         276       -0.44   -0.457681  0.00763609
         277       -0.44   -0.457617  0.00760874
         278       -0.44   -0.457554  0.00758158
         279        -0.6   -0.458065  0.00757159
         280       -0.52   -0.458286  0.00754775
         281        -0.6    -0.45879  0.00753773
         282       -0.28   -0.458156  0.00753766
         283       -0.44   -0.458092  0.00751125
         284       -0.36   -0.457746  0.00749272
         285       -0.36   -0.457404  0.00747426
         286       -0.36   -0.457063  0.00745586
         287       -0.44   -0.457003  0.00743008
         288       -0.36   -0.456667  0.00741189
         289       -0.28   -0.456055  0.00741145
         290        -0.2   -0.455172  0.00743844
         291       -0.36   -0.454845  0.00742005
         292       -0.44   -0.454795  0.00739477
         293       -0.52   -0.455017  0.00737284
         294       -0.44   -0.454966   0.0073479
         295        -0.6   -0.455458  0.00733944
         296        -0.6   -0.455946  0.00733088
         297        -0.6   -0.456431  0.00732224
         298        -0.6   -0.456913  0.00731351
         299        -0.6   -0.457391   0.0073047
         300        -0.6   -0.457867  0.00729582
         301        -0.6   -0.458339  0.00728685
         302       -0.68   -0.459073  0.00729968
         303       -0.36   -0.458746  0.00728289
         304       -0.36   -0.458421  0.00726616
         305       -0.28   -0.457836  0.00726588
         306       -0.44   -0.457778  0.00724233
         307       -0.36   -0.457459  0.00722573
         308       -0.52   -0.457662  0.00720509
         309       -0.28   -0.457087  0.00720471
         310       -0.52    -0.45729   0.0071843
         311       -0.52   -0.457492    0.007164
         312        -0.6   -0.457949   0.0071556
         313        -0.6   -0.458403  0.00714712
         314       -0.44   -0.458344  0.00712457
         315       -0.36   -0.458032  0.00710877
         316       -0.36   -0.457722  0.00709303
         317        -0.2   -0.456909   0.0071172
         318       -0.44   -0.456855  0.00709499
         319       -0.44   -0.456803  0.00707291
         320       -0.36     -0.4565  0.00705726
         321       -0.36   -0.456199  0.00704166
         322       -0.36   -0.455901  0.00702611
         323       -0.28   -0.455356  0.00702546
         324        -0.6   -0.455802  0.00701796
         325       -0.52      -0.456  0.00699912
         326       -0.68   -0.456687  0.00701137
         327       -0.52   -0.456881  0.00699257
         328       -0.12   -0.455854  0.00704647
         329       -0.36   -0.455562  0.00703106
         330       -0.52   -0.455758  0.00701244
         331        -0.6   -0.456193  0.00700479
         332       -0.44   -0.456145  0.00698383
         333       -0.36   -0.455856  0.00696881
         334       -0.52   -0.456048  0.00695057
         335       -0.36   -0.455761  0.00693572
         336       -0.28   -0.455238   0.0069348
         337       -0.36   -0.454955  0.00691997
         338        -0.6   -0.455385   0.0069128
         339       -0.44   -0.455339  0.00689253
         340       -0.52   -0.455529  0.00687485
         341       -0.44   -0.455484  0.00685481
         342       -0.36   -0.455205  0.00684044
         343       -0.28   -0.454694  0.00683957
         344       -0.44   -0.454651  0.00681979
         345       -0.44   -0.454609  0.00680013
         346        -0.2   -0.453873  0.00682026
         347        -0.6   -0.454294   0.0068136
         348        -0.6   -0.454713  0.00680689
         349        -0.6   -0.455129  0.00680011
         350       -0.28   -0.454629  0.00679909
         351       -0.28   -0.454131  0.00679792
         352        -0.6   -0.454545  0.00679124
         353       -0.36   -0.454278  0.00677726
         354       -0.76   -0.455141  0.00681305
         355       -0.68   -0.455775  0.00682329
         356       -0.76   -0.456629  0.00685756
         357       -0.76   -0.457479  0.00689092
         358        -0.6   -0.457877  0.00688316
         359       -0.68   -0.458496  0.00689179
         360       -0.52   -0.458667  0.00687475
         361       -0.36   -0.458393  0.00686112
         362        -0.2    -0.45768  0.00687928
         363       -0.52   -0.457851  0.00686245
         364       -0.52   -0.458022   0.0068457
         365       -0.52   -0.458192  0.00682903
         366       -0.52   -0.458361  0.00681244
         367        -0.6   -0.458747   0.0068048
         368       -0.52   -0.458913  0.00678833
         369       -0.52   -0.459079  0.00677193
         370       -0.52   -0.459243  0.00675561
         371       -0.44   -0.459191  0.00673757
         372       -0.44    -0.45914  0.00671964
         373       -0.52   -0.459303  0.00670358
         374       -0.52   -0.459465   0.0066876
         375       -0.68   -0.460053  0.00669562
         376       -0.52   -0.460213  0.00667969
         377        -0.6   -0.460584  0.00667226
         378        -0.6   -0.460952   0.0066648
         379       -0.76   -0.461741  0.00669386
         380       -0.68   -0.462316  0.00670088
         381        -0.6   -0.462677  0.00669304
         382       -0.44   -0.462618  0.00667576
         383       -0.44   -0.462559  0.00665856
         384        -0.6   -0.462917  0.00665084
         385       -0.28   -0.462442  0.00665053
         386       -0.44   -0.462383  0.00663354
         387       -0.52   -0.462532  0.00661805
         388       -0.36   -0.462268  0.00660626
         389       -0.36   -0.462005   0.0065945
         390        -0.6   -0.462359  0.00658708
         391       -0.44   -0.462302  0.00657046
         392       -0.52   -0.462449  0.00655533
         393       -0.68   -0.463003  0.00656201
         394       -0.68   -0.463553  0.00656847
         395       -0.68   -0.464101  0.00657469
         396       -0.44    -0.46404  0.00655835
         397       -0.76   -0.464786  0.00658415
         398        -0.6   -0.465126  0.00657637
         399        -0.6   -0.465464  0.00656857
         400       -0.52     -0.4656  0.00655355
         401       -0.52   -0.465736  0.00653859
         402       -0.44   -0.465672  0.00652262
         403       -0.44   -0.465608  0.00650673
         404        -0.6   -0.465941  0.00649912
         405       -0.44   -0.465877  0.00648337
         406       -0.52    -0.46601  0.00646875
         407       -0.36   -0.465749  0.00645809
         408       -0.44   -0.465686  0.00644256
         409       -0.44   -0.465623  0.00642709
         410       -0.52   -0.465756  0.00641277
         411       -0.44   -0.465693  0.00639745
         412        -0.6   -0.466019  0.00639023
         413       -0.52    -0.46615  0.00637608
         414       -0.44   -0.466087  0.00636097
         415        -0.2   -0.465446  0.00637793
         416       -0.44   -0.465385  0.00636288
         417       -0.36   -0.465132  0.00635263
         418       -0.36    -0.46488   0.0063424
         419       -0.44   -0.464821  0.00632753
         420       -0.36   -0.464571  0.00631737
         421       -0.44   -0.464513  0.00630262
         422       -0.36   -0.464265  0.00629254
         423       -0.84   -0.465154  0.00634018
         424       -0.52   -0.465283  0.00632653
         425       -0.44   -0.465224  0.00631191
         426       -0.36   -0.464977  0.00630192
         427       -0.52   -0.465105  0.00628846
         428        -0.6   -0.465421  0.00628166
         429       -0.52   -0.465548   0.0062683
         430       -0.36   -0.465302  0.00625852
         431       -0.44   -0.465244  0.00624425
         432       -0.52    -0.46537  0.00623107
         433       -0.52   -0.465497  0.00621795
         434       -0.44   -0.465438  0.00620388
         435       -0.44   -0.465379  0.00618988
         436       -0.68   -0.465872  0.00619525
         437       -0.44   -0.465812  0.00618134
         438       -0.36   -0.465571  0.00617194
         439       -0.52   -0.465695  0.00615912
         440       -0.68   -0.466182  0.00616437
         441        -0.6   -0.466485  0.00615786
         442       -0.76   -0.467149   0.0061797
         443       -0.52   -0.467269  0.00616689
         444       -0.44   -0.467207  0.00615329
         445       -0.52   -0.467326  0.00614059
         446       -0.44   -0.467265  0.00612711
         447       -0.44   -0.467204  0.00611369
         448       -0.52   -0.467321  0.00610117
         449        -0.6   -0.467617  0.00609473
         450       -0.52   -0.467733  0.00608229
         451       -0.52   -0.467849  0.00606989
         452        -0.6   -0.468142   0.0060635
         453        -0.6   -0.468433   0.0060571
         454       -0.52   -0.468546  0.00604481
         455        -0.6   -0.468835  0.00603843
         456        -0.6   -0.469123  0.00603203
         457       -0.52   -0.469234  0.00601985
         458       -0.52   -0.469345  0.00600771
         459        -0.6    -0.46963  0.00600137
         460        -0.6   -0.469913  0.00599501
         461        -0.6   -0.470195  0.00598864
         462       -0.68   -0.470649   0.0059929
         463       -0.52   -0.470756  0.00598089
         464       -0.52   -0.470862  0.00596893
         465       -0.52   -0.470968  0.00595701
         466       -0.52   -0.471073  0.00594515
         467       -0.44   -0.471006  0.00593278
         468        -0.6   -0.471282   0.0059265
         469       -0.52   -0.471386  0.00591476
         470        -0.6    -0.47166   0.0059085
         471        -0.6   -0.471932  0.00590224
         472        -0.6   -0.472203  0.00589597
         473       -0.44   -0.472135  0.00588388
         474        -0.6   -0.472405  0.00587765
         475       -0.68   -0.472842  0.00588152
         476        -0.6   -0.473109  0.00587523
         477        -0.6   -0.473375  0.00586893
         478       -0.44   -0.473305  0.00585706
         479       -0.44   -0.473236  0.00584523
         480        -0.2   -0.472667  0.00586075
         481       -0.36   -0.472432  0.00585324
         482       -0.52   -0.472531  0.00584192
         483       -0.36   -0.472298  0.00583447
         484       -0.28   -0.471901  0.00583594
         485        -0.6   -0.472165  0.00582988
         486       -0.52   -0.472263   0.0058187
         487        -0.6   -0.472526  0.00581267
         488        -0.6   -0.472787  0.00580662
         489       -0.52   -0.472883  0.00579554
         490       -0.36   -0.472653  0.00578828
         491       -0.68   -0.473075   0.0057919
         492       -0.44   -0.473008  0.00578051
         493       -0.52   -0.473103  0.00576956
         494       -0.44   -0.473036  0.00575826
         495       -0.28   -0.472646  0.00575983
         496        -0.6   -0.472903  0.00575394
         497       -0.44   -0.472837  0.00574273
         498       -0.52   -0.472932  0.00573197
         499       -0.44   -0.472866  0.00572085
         500        -0.6    -0.47312  0.00571506
