           1       -0.68       -0.68           0
           2        -0.6       -0.64        0.04
           3       -0.36   -0.546667    0.096148
           4       -0.44       -0.52   0.0730297
           5       -0.44      -0.504   0.0587878
           6       -0.44   -0.493333   0.0491709
           7       -0.52   -0.497143   0.0417312
           8       -0.44       -0.49   0.0368394
           9       -0.68   -0.511111   0.0387458
          10        -0.6       -0.52   0.0357771
          11       -0.52       -0.52   0.0323616
          12       -0.36   -0.506667   0.0324115
          13       -0.52   -0.507692   0.0298319
          14       -0.52   -0.508571   0.0276329
          15       -0.68       -0.52   0.0281493
          16       -0.52       -0.52   0.0263312
          17       -0.52       -0.52   0.0247339
          18       -0.52       -0.52   0.0233193
          19       -0.52       -0.52   0.0220579
          20       -0.52       -0.52   0.0209259
          21       -0.68   -0.527619   0.0213129
          22       -0.68   -0.534545   0.0214691
          23        -0.6   -0.537391   0.0207109
          24        -0.6       -0.54        0.02
          25       -0.68     -0.5456    0.019984
          26       -0.52   -0.544615   0.0192252
          27        -0.2   -0.531852   0.0224753
          28       -0.44   -0.528571   0.0219048
          29       -0.36   -0.522759   0.0219207
          30       -0.28   -0.514667   0.0226707
          31       -0.44   -0.512258   0.0220591
          32        -0.2     -0.5025   0.0234821
          33       -0.44   -0.500606   0.0228381
          34       -0.36   -0.496471   0.0225389
          35       -0.36   -0.492571   0.0222301
          36       -0.44   -0.491111    0.021653
          37       -0.44    -0.48973   0.0211049
          38       -0.44   -0.488421   0.0205837
          39       -0.44   -0.487179   0.0200874
          40       -0.28      -0.482   0.0202523
          41       -0.36   -0.479024    0.019975
          42       -0.44   -0.478095   0.0195157
          43        -0.2   -0.471628    0.020124
          44       -0.44   -0.470909   0.0196745
          45        -0.2   -0.464889   0.0201525
          46       -0.36   -0.462609    0.019841
          47       -0.44   -0.462128   0.0194202
          48       -0.44   -0.461667   0.0190169
          49       -0.28   -0.457959   0.0189902
          50       -0.36      -0.456   0.0187094
          51       -0.36   -0.454118   0.0184352
          52       -0.44   -0.453846   0.0180792
          53        -0.6   -0.456604    0.017948
          54       -0.52   -0.457778   0.0176515
          55       -0.44   -0.457455   0.0173306
          56       -0.36   -0.455714   0.0171071
          57       -0.44   -0.455439   0.0168066
          58        -0.2   -0.451034   0.0170914
          59       -0.44   -0.450847   0.0168003
          60       -0.36   -0.449333   0.0165872
          61       -0.52   -0.450492   0.0163541
          62       -0.52   -0.451613   0.0161271
          63       -0.44   -0.451429   0.0158701
          64       -0.52     -0.4525   0.0156569
          65        -0.6   -0.454769   0.0155803
          66        -0.6    -0.45697   0.0154994
          67        -0.6   -0.459104   0.0154149
          68       -0.52       -0.46   0.0152129
          69       -0.52    -0.46087    0.015016
          70       -0.52   -0.461714    0.014824
          71       -0.36   -0.460282   0.0146838
          72       -0.44       -0.46   0.0144811
          73        -0.6   -0.461918   0.0144096
          74       -0.68   -0.464865   0.0145158
          75        -0.2   -0.461333     0.01475
          76       -0.36       -0.46   0.0146155
          77       -0.44    -0.45974   0.0144268
          78       -0.44   -0.459487   0.0142429
          79       -0.52   -0.460253   0.0140823
          80       -0.52      -0.461   0.0139252
          81       -0.52   -0.461728   0.0137715
          82       -0.44   -0.461463   0.0136051
          83       -0.44   -0.461205   0.0134427
          84       -0.68    -0.46381   0.0135347
          85       -0.44   -0.463529   0.0133774
          86       -0.36   -0.462326   0.0132756
          87       -0.44   -0.462069   0.0131247
          88        -0.6   -0.463636    0.013069
          89        -0.6   -0.465169   0.0130119
          90       -0.36      -0.464   0.0129194
          91       -0.44   -0.463736   0.0127794
          92       -0.44   -0.463478   0.0126423
          93       -0.52   -0.464086   0.0125204
          94       -0.44    -0.46383   0.0123892
          95       -0.44   -0.463579   0.0122606
          96        -0.6      -0.465   0.0122152
          97       -0.52   -0.465567   0.0121019
          98        -0.6   -0.466939   0.0120561
          99       -0.52   -0.467475   0.0119457
         100       -0.68     -0.4696   0.0120151
         101       -0.68   -0.471683   0.0120765
         102       -0.68   -0.473725   0.0121307
         103       -0.68   -0.475728   0.0121782
         104       -0.68   -0.477692   0.0122194
         105       -0.36   -0.476571   0.0121543
         106       -0.52   -0.476981    0.012046
         107       -0.68   -0.478879   0.0120828
         108       -0.76   -0.481481   0.0122501
         109       -0.36   -0.480367   0.0121883
         110       -0.44       -0.48   0.0120826
         111       -0.52    -0.48036   0.0119786
         112       -0.44       -0.48   0.0118767
         113       -0.44   -0.479646   0.0117764
         114       -0.68   -0.481404   0.0118042
         115        -0.6   -0.482435   0.0117465
         116       -0.44   -0.482069   0.0116505
         117       -0.28   -0.480342   0.0116789
         118       -0.44       -0.48   0.0115846
         119       -0.44   -0.479664   0.0114917
         120       -0.36   -0.478667   0.0114391
         121        -0.2   -0.476364   0.0115756
         122       -0.28   -0.474754   0.0115926
         123       -0.44   -0.474472   0.0115014
         124        -0.6   -0.475484   0.0114531
         125        -0.6    -0.47648   0.0114047
         126       -0.52   -0.476825   0.0113191
         127        -0.6   -0.477795   0.0112714
         128        -0.6    -0.47875   0.0112237
         129       -0.44    -0.47845   0.0111404
         130        -0.2   -0.476308     0.01126
         131       -0.44   -0.476031   0.0111772
         132       -0.44   -0.475758   0.0110955
         133       -0.36   -0.474887   0.0110461
         134       -0.36    -0.47403   0.0109968
         135       -0.36   -0.473185   0.0109477
         136       -0.44   -0.472941   0.0108697
         137       -0.36   -0.472117   0.0108215
         138       -0.68   -0.473623   0.0108479
         139       -0.68   -0.475108   0.0108714
         140       -0.44   -0.474857   0.0107964
         141       -0.44    -0.47461   0.0107224
         142       -0.52    -0.47493   0.0106514
         143       -0.28   -0.473566   0.0106641
         144       -0.36   -0.472778   0.0106192
         145       -0.36      -0.472   0.0105743
         146       -0.44   -0.471781   0.0105039
         147       -0.28   -0.470476   0.0105135
         148       -0.36    -0.46973   0.0104689
         149       -0.52   -0.470067   0.0104038
         150       -0.52     -0.4704   0.0103396
         151        -0.6   -0.471258   0.0103067
         152       -0.52   -0.471579   0.0102437
         153       -0.68   -0.472941   0.0102673
         154       -0.52   -0.473247    0.010205
         155       -0.44   -0.473032   0.0101412
         156       -0.36   -0.472308    0.010102
         157       -0.44   -0.472102   0.0100395
         158       -0.52   -0.472405   0.0099804
         159       -0.52   -0.472704  0.00992195
         160        -0.6     -0.4735  0.00989179
         161       -0.12   -0.471304   0.0100724
         162       -0.44   -0.471111   0.0100119
         163       -0.52   -0.471411  0.00995479
         164       -0.36   -0.470732  0.00991719
         165       -0.52    -0.47103  0.00986143
         166       -0.44   -0.470843  0.00980362
         167       -0.52   -0.471138  0.00974919
         168       -0.52   -0.471429  0.00969535
         169       -0.44   -0.471243   0.0096396
         170       -0.28   -0.470118  0.00964854
         171       -0.68   -0.471345  0.00967015
         172       -0.36   -0.470698  0.00963554
         173       -0.52   -0.470983  0.00958392
         174       -0.44   -0.470805  0.00953034
         175       -0.44   -0.470629  0.00947736
         176        -0.6   -0.471364  0.00945199
         177       -0.28   -0.470282  0.00946041
         178       -0.36   -0.469663   0.0094275
         179       -0.44   -0.469497  0.00937614
         180       -0.12   -0.467556  0.00952393
         181       -0.36   -0.466961  0.00948979
         182       -0.28   -0.465934  0.00949325
         183       -0.52    -0.46623  0.00944585
         184       -0.36   -0.465652   0.0094121
         185       -0.44   -0.465514  0.00936211
         186       -0.36   -0.464946   0.0093289
         187       -0.36   -0.464385  0.00929584
         188        -0.2   -0.462979   0.0093526
         189       -0.36   -0.462434  0.00931892
         190       -0.36   -0.461895  0.00928541
         191       -0.52   -0.462199  0.00924167
         192        -0.6   -0.462917  0.00922139
         193       -0.44   -0.462798  0.00917425
         194        -0.6   -0.463505   0.0091542
         195        -0.6   -0.464205    0.009134
         196       -0.36   -0.463673  0.00910281
         197       -0.44   -0.463553  0.00905728
         198       -0.52   -0.463838  0.00901593
         199       -0.44   -0.463719  0.00897131
         200       -0.44     -0.4636  0.00892713
         201       -0.44   -0.463483  0.00888338
         202       -0.52   -0.463762  0.00884372
         203       -0.36   -0.463251  0.00881488
         204       -0.52   -0.463529  0.00877598
         205       -0.52   -0.463805   0.0087374
         206       -0.52   -0.464078  0.00869916
         207        -0.6   -0.464734   0.0086819
         208       -0.68   -0.465769  0.00870183
         209       -0.68   -0.466794  0.00872054
         210       -0.76    -0.46819  0.00879051
         211       -0.36   -0.467678  0.00876376
         212       -0.44   -0.467547   0.0087233
         213       -0.36   -0.467042  0.00869692
         214       -0.36   -0.466542  0.00867062
         215       -0.28   -0.465674   0.0086737
         216       -0.36   -0.465185  0.00864731
         217       -0.52   -0.465438  0.00861107
         218        -0.6   -0.466055  0.00859368
         219       -0.36   -0.465571  0.00856804
         220       -0.44   -0.465455   0.0085298
         221       -0.52   -0.465701   0.0084947
         222       -0.44   -0.465586  0.00845714
         223       -0.36   -0.465112  0.00843244
         224       -0.44      -0.465  0.00839545
         225       -0.44   -0.464889   0.0083588
         226        -0.6   -0.465487  0.00834318
         227       -0.52   -0.465727  0.00830981
         228       -0.68   -0.466667  0.00832649
         229        -0.6   -0.467249  0.00831047
         230       -0.52   -0.467478  0.00827744
         231       -0.68   -0.468398  0.00829272
         232       -0.44   -0.468276   0.0082578
         233       -0.36   -0.467811  0.00823541
         234       -0.28   -0.467009  0.00823932
         235       -0.28   -0.466213  0.00824269
         236       -0.36   -0.465763  0.00822002
         237       -0.36   -0.465316  0.00819742
         238       -0.36   -0.464874  0.00817489
         239        -0.6   -0.465439  0.00816022
         240       -0.28   -0.464667   0.0081628
         241        -0.2   -0.463568  0.00820271
         242       -0.52   -0.463802  0.00817207
         243       -0.52   -0.464033  0.00814166
         244       -0.52   -0.464262  0.00811146
         245       -0.44   -0.464163  0.00807889
         246       -0.52    -0.46439  0.00804919
         247       -0.44   -0.464291  0.00801714
         248       -0.68   -0.465161  0.00803198
         249       -0.68   -0.466024  0.00804606
         250       -0.52    -0.46624  0.00801672
         251       -0.44   -0.466135   0.0079854
         252       -0.44   -0.466032  0.00795432
         253        -0.6   -0.466561  0.00794049
         254       -0.36   -0.466142  0.00792029
         255       -0.52   -0.466353    0.007892
         256       -0.52   -0.466562   0.0078639
         257       -0.52    -0.46677    0.007836
         258        -0.2   -0.465736  0.00787376
         259       -0.28   -0.465019  0.00787601
         260       -0.36   -0.464615  0.00785605
         261       -0.36   -0.464215  0.00783615
         262       -0.44   -0.464122  0.00780673
         263       -0.52   -0.464335   0.0077799
         264       -0.52   -0.464545  0.00775324
         265       -0.44   -0.464453  0.00772448
         266       -0.44   -0.464361  0.00769594
         267       -0.44    -0.46427   0.0076676
         268       -0.36   -0.463881  0.00764884
         269       -0.28   -0.463197  0.00765095
         270       -0.44   -0.463111  0.00762304
         271       -0.52   -0.463321  0.00759776
         272       -0.36   -0.462941   0.0075793
         273        -0.2   -0.461978  0.00761266
         274       -0.44   -0.461898  0.00758525
         275       -0.36   -0.461527   0.0075667
         276       -0.44   -0.461449  0.00753964
         277       -0.44   -0.461372  0.00751277
         278       -0.36   -0.461007  0.00749457
         279       -0.52   -0.461219  0.00747065
         280       -0.36   -0.460857   0.0074527
         281       -0.52   -0.461068  0.00742911
         282       -0.36   -0.460709  0.00741139
         283       -0.52   -0.460919  0.00738812
         284       -0.36   -0.460563  0.00737063
         285        -0.6   -0.461053    0.007361
         286       -0.44   -0.460979  0.00733559
         287       -0.28   -0.460348  0.00733713
         288       -0.36       -0.46  0.00731991
         289       -0.52   -0.460208  0.00729749
         290        -0.6    -0.46069  0.00728824
         291        -0.6   -0.461168  0.00727892
         292       -0.52    -0.46137  0.00725674
         293       -0.44   -0.461297   0.0072323
         294       -0.44   -0.461224  0.00720802
         295       -0.36   -0.460881  0.00719174
         296       -0.52   -0.461081  0.00717018
         297       -0.44    -0.46101  0.00714635
         298        -0.6   -0.461477  0.00713759
         299       -0.44   -0.461405  0.00711404
         300       -0.36   -0.461067  0.00709834
         301       -0.36   -0.460731  0.00708268
         302       -0.44   -0.460662  0.00705952
         303        -0.6   -0.461122  0.00705119
         304       -0.52   -0.461316  0.00703063
         305       -0.68   -0.462033  0.00704413
         306       -0.52   -0.462222  0.00702362
         307       -0.36   -0.461889  0.00700862
         308       -0.52   -0.462078  0.00698838
         309       -0.52   -0.462265  0.00696825
         310       -0.44   -0.462194   0.0069461
         311       -0.44   -0.462122   0.0069241
         312       -0.52   -0.462308  0.00690436
         313       -0.68   -0.463003  0.00691732
         314       -0.52   -0.463185  0.00689765
         315       -0.44   -0.463111  0.00687611
         316        -0.6   -0.463544  0.00686799
         317        -0.2   -0.462713  0.00689658
         318       -0.28   -0.462138  0.00689883
         319       -0.52    -0.46232  0.00687956
         320       -0.44    -0.46225  0.00685838
         321       -0.36   -0.461931   0.0068444
         322        -0.6    -0.46236  0.00683657
         323       -0.28   -0.461796  0.00683872
         324       -0.36   -0.461481  0.00682481
         325       -0.28   -0.460923  0.00682666
         326       -0.44   -0.460859  0.00680599
         327        -0.6   -0.461284  0.00679847
         328       -0.36   -0.460976  0.00678474
         329       -0.36   -0.460669  0.00677105
         330       -0.44   -0.460606  0.00675079
         331       -0.36   -0.460302  0.00673722
         332       -0.44   -0.460241  0.00671718
         333       -0.52    -0.46042  0.00669938
         334       -0.44   -0.460359  0.00667957
         335       -0.28   -0.459821  0.00668133
         336       -0.36   -0.459524  0.00666804
         337       -0.52   -0.459703  0.00665064
         338       -0.52   -0.459882  0.00663334
         339       -0.52   -0.460059  0.00661612
         340       -0.36   -0.459765  0.00660319
         341       -0.44   -0.459707  0.00658405
         342       -0.36   -0.459415  0.00657124
         343       -0.28   -0.458892   0.0065729
         344       -0.44   -0.458837    0.006554
         345       -0.28   -0.458319   0.0065555
         346       -0.52   -0.458497  0.00653896
         347        -0.6   -0.458905  0.00653283
         348       -0.52    -0.45908  0.00651639
         349       -0.44   -0.459026  0.00649792
         350       -0.52     -0.4592  0.00648167
         351       -0.44   -0.459145  0.00646341
         352       -0.52   -0.459318  0.00644734
         353       -0.36   -0.459037  0.00643521
         354       -0.36   -0.458757   0.0064231
         355       -0.36   -0.458479  0.00641102
         356       -0.52   -0.458652  0.00639532
         357       -0.52   -0.458824  0.00637969
         358       -0.52   -0.458994  0.00636414
         359       -0.36   -0.458719  0.00635238
         360       -0.28   -0.458222  0.00635413
         361       -0.28   -0.457729  0.00635571
         362       -0.28   -0.457238  0.00635711
         363       -0.28   -0.456749  0.00635835
         364       -0.28   -0.456264  0.00635942
         365       -0.52   -0.456438  0.00634438
         366       -0.68   -0.457049  0.00635644
         367        -0.6   -0.457439  0.00635105
         368       -0.68   -0.458043  0.00636258
         369       -0.68   -0.458645  0.00637376
         370       -0.52   -0.458811  0.00635867
         371       -0.36   -0.458544   0.0063471
         372       -0.52    -0.45871  0.00633217
         373       -0.36   -0.458445  0.00632071
         374       -0.44   -0.458396  0.00630398
         375       -0.52    -0.45856   0.0062893
         376       -0.44   -0.458511  0.00627274
         377       -0.44   -0.458462  0.00625627
         378       -0.44   -0.458413  0.00623989
         379       -0.36   -0.458153  0.00622882
         380       -0.52   -0.458316  0.00621454
         381       -0.36   -0.458058  0.00620357
         382       -0.44    -0.45801  0.00618749
         383       -0.52   -0.458172  0.00617344
         384       -0.44   -0.458125  0.00615752
         385        -0.2   -0.457455    0.006178
         386       -0.36   -0.457202  0.00616714
         387       -0.28   -0.456744   0.0061682
         388       -0.44   -0.456701  0.00615244
         389       -0.36   -0.456452  0.00614163
         390       -0.36   -0.456205  0.00613086
         391       -0.52   -0.456368  0.00611733
         392       -0.52   -0.456531  0.00610387
         393       -0.44   -0.456489  0.00608846
         394       -0.36   -0.456244  0.00607792
         395       -0.28   -0.455797  0.00607891
         396       -0.36   -0.455556  0.00606837
         397       -0.28   -0.455113  0.00606919
         398       -0.36   -0.454874  0.00605864
         399       -0.36   -0.454637  0.00604811
         400       -0.44     -0.4546  0.00603308
         401        -0.6   -0.454963  0.00602893
         402        -0.6   -0.455323  0.00602473
         403       -0.44   -0.455285  0.00600988
         404       -0.36    -0.45505  0.00599962
         405       -0.44   -0.455012  0.00598491
         406       -0.36   -0.454778  0.00597473
         407        -0.6   -0.455135  0.00597071
         408       -0.68   -0.455686   0.0059815
         409       -0.44   -0.455648  0.00596698
         410        -0.6      -0.456  0.00596281
         411       -0.36   -0.455766  0.00595287
         412       -0.52   -0.455922  0.00594045
         413       -0.68   -0.456465  0.00595084
         414       -0.52   -0.456618  0.00593843
         415       -0.52   -0.456771  0.00592607
         416       -0.44   -0.456731  0.00591194
         417        -0.6   -0.457074  0.00590775
         418       -0.52   -0.457225  0.00589552
         419        -0.6   -0.457566   0.0058913
         420        -0.6   -0.457905  0.00588703
         421       -0.68   -0.458432  0.00589667
         422       -0.52   -0.458578  0.00588449
         423        -0.2   -0.457967  0.00590231
         424        -0.6   -0.458302  0.00589789
         425       -0.36   -0.458071  0.00588854
         426       -0.44   -0.458028  0.00587485
         427       -0.36   -0.457799  0.00586557
         428       -0.28   -0.457383  0.00586658
         429       -0.36   -0.457156  0.00585729
         430        -0.6   -0.457488  0.00585309
         431       -0.52   -0.457633  0.00584129
         432       -0.52   -0.457778  0.00582954
         433       -0.36   -0.457552  0.00582045
         434       -0.36   -0.457327  0.00581137
         435       -0.52   -0.457471  0.00579978
         436        -0.2   -0.456881  0.00581652
         437       -0.28   -0.456476  0.00581729
         438       -0.36   -0.456256  0.00580817
         439       -0.52   -0.456401  0.00579675
         440       -0.44   -0.456364  0.00578368
         441       -0.52   -0.456508  0.00577235
         442       -0.44   -0.456471   0.0057594
         443       -0.44   -0.456433   0.0057465
         444        -0.6   -0.456757  0.00574266
         445       -0.44   -0.456719  0.00572986
         446       -0.36   -0.456502  0.00572111
         447       -0.44   -0.456465  0.00570842
         448       -0.28   -0.456071  0.00570926
         449       -0.44   -0.456036  0.00569665
         450       -0.36   -0.455822  0.00568798
         451       -0.36    -0.45561  0.00567933
         452       -0.52   -0.455752  0.00566854
         453       -0.44   -0.455717  0.00565612
         454       -0.36   -0.455507  0.00564758
         455       -0.52   -0.455648  0.00563694
         456       -0.28   -0.455263  0.00563774
         457       -0.36   -0.455055  0.00562925
         458       -0.52   -0.455197  0.00561874
         459        -0.6   -0.455512  0.00561535
         460       -0.36   -0.455304  0.00560698
         461       -0.44   -0.455271   0.0055949
         462       -0.52   -0.455411  0.00558453
         463       -0.52   -0.455551   0.0055742
         464        -0.6   -0.455862  0.00557088
         465       -0.52      -0.456   0.0055606
         466        -0.6   -0.456309  0.00555725
         467       -0.36   -0.456103  0.00554917
         468       -0.36   -0.455897  0.00554111
         469       -0.36   -0.455693  0.00553306
         470        -0.6      -0.456  0.00552981
         471        -0.6   -0.456306  0.00552652
         472       -0.68    -0.45678  0.00553512
         473       -0.28   -0.456406  0.00553604
         474       -0.36   -0.456203  0.00552809
         475       -0.44   -0.456168  0.00551655
         476       -0.52   -0.456303  0.00550658
         477       -0.44   -0.456268  0.00549513
         478        -0.6   -0.456569  0.00549186
         479       -0.52   -0.456701  0.00548198
         480       -0.68   -0.457167  0.00549029
         481        -0.6   -0.457464  0.00548691
         482       -0.44   -0.457427  0.00547563
         483       -0.36   -0.457226    0.005468
         484       -0.44    -0.45719  0.00545681
         485        -0.6   -0.457485   0.0054535
         486       -0.44   -0.457449  0.00544239
         487       -0.52   -0.457577  0.00543272
         488        -0.6   -0.457869  0.00542943
         489       -0.44   -0.457832  0.00541844
         490       -0.36   -0.457633  0.00541105
         491        -0.6   -0.457923   0.0054078
         492       -0.52   -0.458049  0.00539827
         493       -0.44   -0.458012  0.00538743
         494       -0.28   -0.457652  0.00538858
         495       -0.52   -0.457778  0.00537916
         496       -0.52   -0.457903  0.00536977
         497       -0.36   -0.457706  0.00536257
         498       -0.52   -0.457831  0.00535325
         499       -0.28   -0.457475  0.00535439
         500        -0.6    -0.45776  0.00535126
