           1          -1          -1           0
           2       -0.84       -0.92        0.08
           3       -0.92       -0.92    0.046188
           4          -1       -0.94   0.0382971
           5          -1      -0.952       0.032
           6          -1       -0.96   0.0273252
           7          -1   -0.965714   0.0237905
           8       -0.92       -0.96   0.0213809
           9          -1   -0.964444   0.0193729
          10          -1      -0.968   0.0176887
          11          -1   -0.970909   0.0162623
          12       -0.84       -0.96   0.0184226
          13       -0.76   -0.944615   0.0228881
          14       -0.84   -0.937143   0.0224692
          15       -0.84   -0.930667   0.0218973
          16       -0.84      -0.925   0.0212525
          17       -0.68   -0.910588   0.0246217
          18       -0.68   -0.897778   0.0265137
          19       -0.68   -0.886316   0.0275746
          20        -0.6      -0.872   0.0298205
          21        -0.6   -0.859048   0.0311823
          22       -0.68   -0.850909   0.0308249
          23       -0.76   -0.846957   0.0297183
          24       -0.84   -0.846667   0.0284546
          25       -0.84     -0.8464    0.027294
          26       -0.84   -0.846154   0.0262243
          27       -0.84   -0.845926   0.0252354
          28       -0.76   -0.842857   0.0245103
          29       -0.92   -0.845517   0.0237992
          30       -0.84   -0.845333   0.0229929
          31       -0.92   -0.847742   0.0223689
          32       -0.84     -0.8475   0.0216599
          33       -0.84   -0.847273   0.0209946
          34       -0.92   -0.849412   0.0204797
          35       -0.92   -0.851429    0.019988
          36       -0.84   -0.851111   0.0194274
          37       -0.92   -0.852973   0.0189866
          38       -0.92   -0.854737   0.0185642
          39       -0.92    -0.85641   0.0181592
          40       -0.92      -0.858   0.0177706
          41       -0.92   -0.859512   0.0173976
          42       -0.92   -0.860952   0.0170393
          43       -0.84   -0.860465   0.0166455
          44       -0.84       -0.86   0.0162694
          45       -0.84   -0.859556     0.01591
          46       -0.76   -0.857391     0.01571
          47       -0.68   -0.853617   0.0158287
          48        -0.6   -0.848333   0.0163715
          49       -0.68   -0.844898   0.0163978
          50       -0.76     -0.8432    0.016156
          51       -0.76   -0.841569   0.0159198
          52       -0.76       -0.84   0.0156893
          53       -0.76   -0.838491   0.0154643
          54       -0.68   -0.835556   0.0154564
          55       -0.68   -0.832727   0.0154341
          56       -0.68       -0.83   0.0153994
          57       -0.68   -0.827368   0.0153541
          58       -0.76   -0.826207   0.0151317
          59       -0.76   -0.825085   0.0149153
          60       -0.76      -0.824   0.0147046
          61       -0.84   -0.824262   0.0144639
          62       -0.76   -0.823226   0.0142664
          63       -0.68   -0.820952   0.0142211
          64       -0.68    -0.81875   0.0141693
          65       -0.68   -0.816615    0.014112
          66       -0.68   -0.814545   0.0140498
          67       -0.76   -0.813731   0.0138625
          68        -0.6   -0.810588   0.0140141
          69       -0.84   -0.811014   0.0138161
          70       -0.84   -0.811429   0.0136236
          71       -0.84   -0.811831   0.0134364
          72       -0.84   -0.812222   0.0132542
          73       -0.76   -0.811507   0.0130909
          74       -0.76   -0.810811   0.0129316
          75       -0.76   -0.810133    0.012776
          76       -0.76   -0.809474    0.012624
          77       -0.76   -0.808831   0.0124755
          78       -0.68   -0.807179   0.0124248
          79       -0.68    -0.80557   0.0123717
          80        -0.6      -0.803   0.0124834
          81       -0.68   -0.801481   0.0124215
          82       -0.68        -0.8   0.0123582
          83        -0.6    -0.79759   0.0124439
          84       -0.68    -0.79619   0.0123743
          85       -0.68   -0.794824   0.0123041
          86       -0.76   -0.794419   0.0121669
          87       -0.76   -0.794023   0.0120327
          88       -0.76   -0.793636   0.0119015
          89       -0.76   -0.793258   0.0117731
          90       -0.68      -0.792   0.0117093
          91       -0.76   -0.791648   0.0115853
          92       -0.76   -0.791304   0.0114638
          93       -0.68   -0.790108   0.0114029
          94       -0.68   -0.788936   0.0113416
          95       -0.76   -0.788632   0.0112257
          96        -0.6   -0.786667   0.0112806
          97        -0.6   -0.784742   0.0113283
          98       -0.68   -0.783673    0.011263
          99        -0.6   -0.781818   0.0113019
         100       -0.68     -0.7808   0.0112346
         101       -0.76   -0.780594   0.0111247
         102       -0.84   -0.781176   0.0110305
         103       -0.84   -0.781748   0.0109378
         104       -0.84   -0.782308   0.0108466
         105       -0.76   -0.782095   0.0107449
         106       -0.84   -0.782642    0.010657
         107       -0.84   -0.783178   0.0105706
         108       -0.76   -0.782963   0.0104744
         109       -0.76   -0.782752     0.01038
         110       -0.76   -0.782545   0.0102873
         111       -0.84   -0.783063   0.0102073
         112       -0.92   -0.784286   0.0101894
         113       -0.92   -0.785487     0.01017
         114       -0.84   -0.785965   0.0100917
         115       -0.84   -0.786435   0.0100146
         116       -0.92   -0.787586  0.00999447
         117       -0.76    -0.78735  0.00991148
         118       -0.68   -0.786441  0.00986915
         119       -0.76   -0.786218  0.00978838
         120       -0.84   -0.786667  0.00971681
         121       -0.92   -0.787769  0.00969897
         122       -0.92   -0.788852  0.00968002
         123       -0.92   -0.789919  0.00966002
         124       -0.92   -0.790968  0.00963905
         125       -0.84    -0.79136  0.00956967
         126       -0.76   -0.791111  0.00949668
         127        -0.6   -0.789606  0.00954102
         128        -0.6   -0.788125  0.00958139
         129        -0.6   -0.786667  0.00961803
         130        -0.6   -0.785231  0.00965117
         131       -0.68   -0.784427  0.00961084
         132       -0.68   -0.783636  0.00957051
         133       -0.68   -0.782857  0.00953019
         134        -0.6   -0.781493  0.00955673
         135       -0.68   -0.780741  0.00951542
         136       -0.68       -0.78  0.00947419
         137       -0.76   -0.779854  0.00940592
         138       -0.68    -0.77913   0.0093655
         139       -0.68   -0.778417  0.00932519
         140       -0.76   -0.778286  0.00925928
         141       -0.68   -0.777589  0.00921976
         142       -0.76   -0.777465  0.00915544
         143       -0.76   -0.777343  0.00909202
         144       -0.76   -0.777222  0.00902946
         145       -0.76   -0.777103  0.00896776
         146       -0.76   -0.776986  0.00890689
         147       -0.76   -0.776871  0.00884685
         148       -0.68   -0.776216  0.00881121
         149       -0.76   -0.776107  0.00875255
         150       -0.76      -0.776  0.00869467
         151       -0.76   -0.775894  0.00863755
         152       -0.76   -0.775789  0.00858117
         153        -0.6   -0.774641  0.00860198
         154       -0.68   -0.774026  0.00856801
         155       -0.68   -0.773419  0.00853414
         156       -0.68   -0.772821  0.00850037
         157       -0.68   -0.772229  0.00846673
         158       -0.68   -0.771646  0.00843319
         159       -0.76   -0.771572  0.00838031
         160       -0.68      -0.771  0.00834741
         161       -0.76   -0.770932  0.00829568
         162       -0.76   -0.770864  0.00824459
         163       -0.76   -0.770798  0.00819413
         164       -0.68   -0.770244  0.00816281
         165       -0.76   -0.770182  0.00811342
         166       -0.76    -0.77012  0.00806463
         167       -0.76    -0.77006  0.00801642
         168       -0.76       -0.77  0.00796879
         169       -0.68   -0.769467  0.00793937
         170       -0.76   -0.769412  0.00789273
         171       -0.76   -0.769357  0.00784663
         172       -0.76   -0.769302  0.00780107
         173       -0.68   -0.768786    0.007773
         174       -0.76   -0.768736  0.00772837
         175       -0.76   -0.768686  0.00768424
         176       -0.76   -0.768636  0.00764061
         177       -0.68   -0.768136  0.00761381
         178       -0.76    -0.76809  0.00757105
         179       -0.76   -0.768045  0.00752877
         180       -0.68   -0.767556  0.00750279
         181       -0.76   -0.767514  0.00746134
         182       -0.76   -0.767473  0.00742035
         183       -0.84   -0.767869  0.00739032
         184       -0.76   -0.767826  0.00735017
         185       -0.76   -0.767784  0.00731046
         186       -0.76   -0.767742  0.00727117
         187       -0.76   -0.767701   0.0072323
         188       -0.84   -0.768085    0.007204
         189       -0.52   -0.766772  0.00728501
         190        -0.6   -0.765895  0.00729953
         191       -0.68   -0.765445  0.00727513
         192       -0.76   -0.765417  0.00723719
         193       -0.68   -0.764974  0.00721318
         194        -0.6   -0.764124  0.00722612
         195       -0.68   -0.763692   0.0072019
         196       -0.68   -0.763265  0.00717777
         197       -0.52    -0.76203  0.00724722
         198        -0.6   -0.761212  0.00725681
         199        -0.6   -0.760402  0.00726556
         200        -0.6     -0.7596  0.00727349
         201       -0.68   -0.759204  0.00724804
         202       -0.68   -0.758812  0.00722272
         203       -0.68   -0.758424  0.00719753
         204       -0.68   -0.758039  0.00717248
         205       -0.68   -0.757659  0.00714755
         206       -0.76    -0.75767  0.00711277
         207       -0.76   -0.757681  0.00707834
         208       -0.76   -0.757692  0.00704423
         209       -0.76   -0.757703  0.00701046
         210       -0.76   -0.757714    0.006977
         211       -0.84   -0.758104   0.0069548
         212       -0.76   -0.758113  0.00692192
         213       -0.76   -0.758122  0.00688936
         214       -0.68   -0.757757   0.0068668
         215       -0.76   -0.757767  0.00683479
         216       -0.76   -0.757778  0.00680308
         217       -0.76   -0.757788  0.00677167
         218       -0.52   -0.756697  0.00682822
         219       -0.52   -0.755616  0.00688236
         220       -0.52   -0.754545  0.00693421
         221       -0.68   -0.754208    0.006911
         222       -0.52   -0.753153  0.00696022
         223       -0.44   -0.751749  0.00706981
         224       -0.36       -0.75  0.00725221
         225        -0.6   -0.749333  0.00725062
         226       -0.68   -0.749027  0.00722498
         227        -0.6    -0.74837  0.00722298
         228        -0.6   -0.747719  0.00722061
         229        -0.6   -0.747074  0.00721789
         230       -0.84   -0.747478  0.00719779
         231       -0.76   -0.747532  0.00716677
         232       -0.68   -0.747241  0.00714175
         233       -0.76   -0.747296  0.00711124
         234       -0.76    -0.74735  0.00708099
         235       -0.68   -0.747064  0.00705662
         236       -0.68    -0.74678   0.0070324
         237       -0.68   -0.746498  0.00700833
         238       -0.84   -0.746891  0.00698987
         239       -0.84    -0.74728  0.00697145
         240       -0.84   -0.747667  0.00695309
         241       -0.76   -0.747718  0.00692437
         242       -0.68   -0.747438  0.00690137
         243       -0.84   -0.747819  0.00688346
         244       -0.76   -0.747869  0.00685537
         245       -0.84   -0.748245  0.00683768
         246       -0.76   -0.748293  0.00680999
         247       -0.68   -0.748016    0.006788
         248       -0.76   -0.748065  0.00676075
         249       -0.68   -0.747791  0.00673909
         250       -0.68    -0.74752  0.00671755
         251       -0.68   -0.747251  0.00669614
         252       -0.68   -0.746984  0.00667485
         253       -0.76   -0.747036  0.00664862
         254       -0.76   -0.747087  0.00662259
         255       -0.76   -0.747137  0.00659676
         256        -0.6   -0.746563  0.00659603
         257       -0.76   -0.746615  0.00657052
         258       -0.84   -0.746977    0.006555
         259       -0.76   -0.747027  0.00652984
         260       -0.76   -0.747077  0.00650487
         261        -0.6   -0.746513  0.00650435
         262       -0.52   -0.745649   0.0065369
         263        -0.6   -0.745095  0.00653551
         264       -0.68   -0.744848  0.00651537
         265       -0.68   -0.744604  0.00649535
         266       -0.76   -0.744662  0.00647115
         267       -0.76   -0.744719  0.00644712
         268        -0.6   -0.744179  0.00644568
         269        -0.6   -0.743643    0.006444
         270       -0.68   -0.743407  0.00642441
         271       -0.76   -0.743469  0.00640096
         272       -0.68   -0.743235  0.00638165
         273       -0.76   -0.743297  0.00635853
         274       -0.76   -0.743358  0.00633557
         275       -0.76   -0.743418  0.00631278
         276       -0.68   -0.743188  0.00629406
         277        -0.6   -0.742671  0.00629257
         278        -0.6   -0.742158  0.00629086
         279       -0.68   -0.741935  0.00627223
         280       -0.76      -0.742  0.00625012
         281       -0.76   -0.742064  0.00622817
         282       -0.84   -0.742411  0.00621575
         283       -0.92   -0.743039  0.00622546
         284       -0.92   -0.743662  0.00623471
         285       -0.76   -0.743719  0.00621306
         286       -0.84   -0.744056  0.00620045
         287       -0.84    -0.74439  0.00618784
         288       -0.76   -0.744444  0.00616656
         289       -0.76   -0.744498  0.00614542
         290       -0.68   -0.744276  0.00612823
         291       -0.76    -0.74433  0.00610737
         292       -0.84   -0.744658  0.00609523
         293       -0.84   -0.744983   0.0060831
         294       -0.84   -0.745306  0.00607098
         295       -0.84   -0.745627  0.00605888
         296       -0.84   -0.745946  0.00604679
         297       -0.84   -0.746263  0.00603471
         298       -0.84   -0.746577  0.00602264
         299       -0.76   -0.746622  0.00600263
         300       -0.68     -0.7464  0.00598671
         301       -0.76   -0.746445  0.00596696
         302       -0.92    -0.74702  0.00597487
         303       -0.92   -0.747591  0.00598242
         304       -0.84   -0.747895  0.00597045
         305       -0.68   -0.747672  0.00595501
         306        -0.6    -0.74719   0.0059551
         307        -0.6    -0.74671    0.005955
         308       -0.68   -0.746494  0.00593959
         309       -0.68   -0.746278  0.00592424
         310       -0.76   -0.746323  0.00590527
         311       -0.76   -0.746367  0.00588641
         312       -0.84   -0.746667  0.00587519
         313       -0.92    -0.74722  0.00588251
         314       -0.84   -0.747516  0.00587119
         315       -0.84    -0.74781  0.00585988
         316       -0.76   -0.747848  0.00584143
         317       -0.84   -0.748139  0.00583023
         318       -0.84   -0.748428  0.00581904
         319       -0.84   -0.748715  0.00580787
         320       -0.76    -0.74875   0.0057898
         321       -0.76   -0.748785  0.00577184
         322       -0.76    -0.74882  0.00575399
         323       -0.84   -0.749102  0.00574309
         324       -0.84   -0.749383  0.00573221
         325       -0.84   -0.749662  0.00572134
         326       -0.76   -0.749693  0.00570385
         327       -0.76   -0.749725  0.00568647
         328       -0.52   -0.749024  0.00571221
         329       -0.76   -0.749058  0.00569491
         330       -0.76   -0.749091  0.00567773
         331       -0.68   -0.748882   0.0056644
         332       -0.76   -0.748916  0.00564741
         333       -0.76   -0.748949  0.00563052
         334       -0.76   -0.748982  0.00561374
         335       -0.68   -0.748776  0.00560074
         336       -0.68   -0.748571   0.0055878
         337       -0.68   -0.748368  0.00557491
         338       -0.76   -0.748402  0.00555849
         339       -0.76   -0.748437  0.00554218
         340       -0.76   -0.748471  0.00552596
         341       -0.76   -0.748504  0.00550983
         342       -0.84   -0.748772  0.00550021
         343       -0.84   -0.749038   0.0054906
         344       -0.84   -0.749302  0.00548099
         345       -0.76   -0.749333  0.00546517
         346       -0.76   -0.749364  0.00544944
         347       -0.76   -0.749395   0.0054338
         348       -0.76   -0.749425  0.00541825
         349       -0.84   -0.749685  0.00540893
         350       -0.76   -0.749714  0.00539354
         351       -0.84   -0.749972   0.0053843
         352       -0.84   -0.750227  0.00537507
         353       -0.68   -0.750028  0.00536351
         354       -0.84   -0.750282  0.00535437
         355       -0.84   -0.750535  0.00534524
         356       -0.84   -0.750787  0.00533613
         357       -0.84   -0.751036  0.00532703
         358       -0.84   -0.751285  0.00531793
         359       -0.84   -0.751532  0.00530886
         360       -0.84   -0.751778  0.00529979
         361       -0.76   -0.751801  0.00528514
         362       -0.76   -0.751823  0.00527057
         363       -0.68   -0.751625  0.00525975
         364        -0.6   -0.751209  0.00526179
         365       -0.68   -0.751014  0.00525098
         366       -0.76   -0.751038  0.00523667
         367       -0.68   -0.750845  0.00522597
         368       -0.68   -0.750652  0.00521531
         369       -0.76   -0.750678  0.00520121
         370       -0.76   -0.750703   0.0051872
         371       -0.68   -0.750512  0.00517671
         372       -0.76   -0.750538  0.00516284
         373       -0.84   -0.750777  0.00515456
         374       -0.84   -0.751016  0.00514629
         375       -0.84   -0.751253  0.00513803
         376       -0.76   -0.751277   0.0051244
         377       -0.76     -0.7513  0.00511084
         378       -0.84   -0.751534   0.0051027
         379       -0.84   -0.751768  0.00509457
         380       -0.84      -0.752  0.00508645
         381       -0.84   -0.752231  0.00507834
         382       -0.76   -0.752251  0.00506507
         383       -0.76   -0.752272  0.00505186
         384       -0.84     -0.7525  0.00504387
         385        -0.6   -0.752104  0.00504632
         386       -0.68   -0.751917  0.00503669
         387       -0.68   -0.751731   0.0050271
         388       -0.68   -0.751546  0.00501753
         389       -0.68   -0.751362    0.005008
         390       -0.68   -0.751179  0.00499849
         391       -0.68   -0.750997  0.00498901
         392        -0.6   -0.750612  0.00499115
         393       -0.76   -0.750636  0.00497849
         394       -0.76    -0.75066   0.0049659
         395       -0.76   -0.750684  0.00495337
         396       -0.68   -0.750505  0.00494407
         397       -0.76   -0.750529  0.00493166
         398       -0.68   -0.750352  0.00492244
         399       -0.76   -0.750376  0.00491015
         400       -0.76     -0.7504  0.00489792
         401       -0.76   -0.750424  0.00488574
         402       -0.76   -0.750448  0.00487363
         403       -0.76   -0.750471  0.00486158
         404       -0.76   -0.750495  0.00484959
         405       -0.76   -0.750519  0.00483766
         406       -0.76   -0.750542  0.00482579
         407       -0.68   -0.750369  0.00481703
         408       -0.68   -0.750196  0.00480831
         409       -0.68   -0.750024  0.00479961
         410       -0.68   -0.749854  0.00479093
         411       -0.68   -0.749684  0.00478228
         412       -0.68   -0.749515  0.00477366
         413        -0.6   -0.749153  0.00477582
         414       -0.52   -0.748599  0.00479632
         415        -0.6   -0.748241  0.00479813
         416       -0.76   -0.748269  0.00478666
         417       -0.68   -0.748106  0.00477798
         418       -0.76   -0.748134  0.00476662
         419       -0.76   -0.748162  0.00475531
         420       -0.76    -0.74819  0.00474406
         421       -0.76   -0.748219  0.00473286
         422       -0.76   -0.748246  0.00472172
         423       -0.84   -0.748463  0.00471553
         424       -0.84   -0.748679  0.00470935
         425       -0.76   -0.748706  0.00469833
         426       -0.68   -0.748545  0.00469006
         427       -0.76   -0.748571  0.00467914
         428       -0.84   -0.748785  0.00467308
         429       -0.76   -0.748811  0.00466225
         430       -0.84   -0.749023  0.00465623
         431       -0.76   -0.749049  0.00464548
         432       -0.68   -0.748889  0.00463747
         433       -0.68    -0.74873  0.00462948
         434       -0.68   -0.748571  0.00462152
         435       -0.76   -0.748598  0.00461095
         436       -0.76   -0.748624  0.00460044
         437       -0.76    -0.74865  0.00458997
         438       -0.76   -0.748676  0.00457956
         439       -0.76   -0.748702  0.00456919
         440        -0.6   -0.748364   0.0045713
         441       -0.68   -0.748209  0.00456356
         442       -0.68   -0.748054  0.00455583
         443       -0.76   -0.748081  0.00454562
         444       -0.68   -0.747928  0.00453796
         445       -0.68   -0.747775  0.00453032
         446       -0.52   -0.747265  0.00454891
         447        -0.6   -0.746935  0.00455067
         448        -0.6   -0.746607  0.00455233
         449       -0.68   -0.746459   0.0045446
         450       -0.84   -0.746667  0.00453925
         451       -0.84   -0.746874   0.0045339
         452       -0.84    -0.74708  0.00452855
         453       -0.84   -0.747285  0.00452319
         454       -0.76   -0.747313  0.00451331
         455       -0.84   -0.747516  0.00450798
         456       -0.84   -0.747719  0.00450265
         457       -0.84   -0.747921  0.00449733
         458       -0.84   -0.748122    0.004492
         459       -0.84   -0.748322  0.00448667
         460       -0.76   -0.748348  0.00447698
         461       -0.76   -0.748373  0.00446732
         462       -0.76   -0.748398  0.00445772
         463       -0.68   -0.748251  0.00445053
         464       -0.76   -0.748276    0.004441
         465       -0.76   -0.748301  0.00443151
         466       -0.76   -0.748326  0.00442206
         467       -0.68    -0.74818  0.00441501
         468       -0.68   -0.748034  0.00440797
         469       -0.76    -0.74806  0.00439864
         470       -0.76   -0.748085  0.00438934
         471       -0.76    -0.74811  0.00438009
         472       -0.76   -0.748136  0.00437087
         473       -0.76   -0.748161  0.00436169
         474       -0.76   -0.748186  0.00435255
         475       -0.76   -0.748211  0.00434345
         476       -0.76   -0.748235  0.00433439
         477       -0.76    -0.74826  0.00432536
         478        -0.6    -0.74795  0.00432743
         479       -0.68   -0.747808  0.00432072
         480       -0.52   -0.747333  0.00433775
         481       -0.68   -0.747193  0.00433098
         482       -0.68   -0.747054  0.00432424
         483        -0.6   -0.746749    0.004326
         484       -0.76   -0.746777  0.00431714
         485       -0.84   -0.746969  0.00431252
         486       -0.68   -0.746831  0.00430584
         487       -0.76   -0.746858  0.00429707
         488       -0.76   -0.746885  0.00428834
         489       -0.84   -0.747076   0.0042838
         490       -0.92   -0.747429  0.00428959
         491       -0.76   -0.747454  0.00428092
         492       -0.68   -0.747317  0.00427441
         493       -0.68   -0.747181  0.00426791
         494       -0.76   -0.747206  0.00425935
         495       -0.76   -0.747232  0.00425081
         496       -0.76   -0.747258  0.00424231
         497       -0.76   -0.747284  0.00423384
         498       -0.76   -0.747309  0.00422541
         499       -0.68   -0.747174  0.00421909
         500       -0.84    -0.74736  0.00421473
