           1          -1          -1           0
           2          -1          -1           0
           3          -1          -1           0
           4          -1          -1           0
           5          -1          -1           0
           6          -1          -1           0
           7          -1          -1           0
           8       -0.92       -0.99        0.01
           9       -0.92   -0.982222   0.0117589
          10       -0.92      -0.976   0.0122202
          11       -0.92   -0.970909   0.0121696
          12       -0.92   -0.966667   0.0118918
          13       -0.92   -0.963077   0.0115128
          14       -0.92       -0.96    0.011094
          15       -0.92   -0.957333   0.0106667
          16       -0.92      -0.955    0.010247
          17       -0.92   -0.952941  0.00984306
          18       -0.92   -0.951111  0.00945885
          19       -0.92   -0.949474  0.00909578
          20       -0.92      -0.948  0.00875395
          21       -0.92   -0.946667  0.00843274
          22       -0.92   -0.945455  0.00813116
          23       -0.92   -0.944348  0.00784801
          24       -0.92   -0.943333  0.00758208
          25       -0.92     -0.9424  0.00733212
          26       -0.92   -0.941538  0.00709696
          27       -0.92   -0.940741  0.00687549
          28       -0.92       -0.94  0.00666667
          29       -0.92    -0.93931  0.00646954
          30       -0.92   -0.938667  0.00628323
          31       -0.92   -0.938065  0.00610692
          32       -0.92     -0.9375  0.00593989
          33       -0.92    -0.93697  0.00578145
          34       -0.92   -0.936471  0.00563099
          35       -0.92      -0.936  0.00548795
          36       -0.92   -0.935556  0.00535182
          37       -0.92   -0.935135  0.00522212
          38       -0.92   -0.934737  0.00509842
          39       -0.92   -0.934359  0.00498032
          40       -0.92      -0.934  0.00486747
          41       -0.92   -0.933659  0.00475954
          42       -0.92   -0.933333   0.0046562
          43       -0.92   -0.933023  0.00455719
          44       -0.92   -0.932727  0.00446224
          45       -0.92   -0.932444  0.00437111
          46       -0.92   -0.932174  0.00428358
          47       -0.92   -0.931915  0.00419945
          48       -0.92   -0.931667  0.00411852
          49       -0.92   -0.931429  0.00404061
          50       -0.92     -0.9312  0.00396557
          51       -0.92    -0.93098  0.00389323
          52       -0.92   -0.930769  0.00382346
          53       -0.92   -0.930566  0.00375613
          54       -0.92    -0.93037   0.0036911
          55       -0.92   -0.930182  0.00362827
          56       -0.92       -0.93  0.00356753
          57       -0.92   -0.929825  0.00350877
          58       -0.92   -0.929655   0.0034519
          59       -0.92   -0.929492  0.00339684
          60       -0.92   -0.929333  0.00334349
          61       -0.92    -0.92918  0.00329178
          62       -0.92   -0.929032  0.00324163
          63       -0.84   -0.927619   0.0034888
          64       -0.84    -0.92625  0.00369671
          65       -0.92   -0.926154  0.00364066
          66       -0.92   -0.926061  0.00358629
          67       -0.92    -0.92597  0.00353352
          68       -0.92   -0.925882  0.00348227
          69       -0.92   -0.925797  0.00343249
          70       -0.92   -0.925714  0.00338411
          71       -0.92   -0.925634  0.00333708
          72       -0.92   -0.925556  0.00329134
          73       -0.92   -0.925479  0.00324683
          74       -0.92   -0.925405  0.00320351
          75       -0.92   -0.925333  0.00316133
          76       -0.92   -0.925263  0.00312024
          77       -0.92   -0.925195  0.00308021
          78       -0.92   -0.925128   0.0030412
          79       -0.92   -0.925063  0.00300315
          80       -0.92      -0.925  0.00296605
          81       -0.92   -0.924938  0.00292986
          82       -0.92   -0.924878  0.00289453
          83       -0.92   -0.924819  0.00286005
          84       -0.92   -0.924762  0.00282638
          85       -0.92   -0.924706  0.00279349
          86       -0.92   -0.924651  0.00276136
          87       -0.92   -0.924598  0.00272996
          88       -0.92   -0.924545  0.00269926
          89       -0.92   -0.924494  0.00266925
          90       -0.92   -0.924444   0.0026399
          91       -0.92   -0.924396  0.00261118
          92       -0.92   -0.924348  0.00258309
          93       -0.92   -0.924301  0.00255559
          94       -0.92   -0.924255  0.00252867
          95       -0.92   -0.924211  0.00250231
          96       -0.92   -0.924167   0.0024765
          97       -0.92   -0.924124  0.00245121
          98       -0.92   -0.924082  0.00242643
          99       -0.92    -0.92404  0.00240215
         100       -0.92      -0.924  0.00237835
         101       -0.92    -0.92396  0.00235502
         102       -0.92   -0.923922  0.00233214
         103       -0.92   -0.923883   0.0023097
         104       -0.92   -0.923846  0.00228769
         105       -0.92    -0.92381  0.00226609
         106       -0.92   -0.923774   0.0022449
         107       -0.92   -0.923738   0.0022241
         108       -0.92   -0.923704  0.00220368
         109       -0.92    -0.92367  0.00218364
         110       -0.92   -0.923636  0.00216395
         111       -0.92   -0.923604  0.00214462
         112       -0.92   -0.923571  0.00212563
         113       -0.92    -0.92354  0.00210697
         114       -0.92   -0.923509  0.00208864
         115       -0.92   -0.923478  0.00207062
         116       -0.92   -0.923448  0.00205291
         117       -0.92   -0.923419   0.0020355
         118       -0.92    -0.92339  0.00201839
         119       -0.92   -0.923361  0.00200156
         120       -0.92   -0.923333    0.001985
         121       -0.92   -0.923306  0.00196872
         122       -0.92   -0.923279  0.00195271
         123       -0.92   -0.923252  0.00193695
         124       -0.92   -0.923226  0.00192145
         125       -0.92     -0.9232  0.00190619
         126       -0.92   -0.923175  0.00189117
         127       -0.92    -0.92315  0.00187638
         128       -0.92   -0.923125  0.00186183
         129       -0.92   -0.923101   0.0018475
         130       -0.92   -0.923077  0.00183339
         131       -0.92   -0.923053  0.00181949
         132       -0.92    -0.92303   0.0018058
         133       -0.92   -0.923008  0.00179232
         134       -0.92   -0.922985  0.00177903
         135       -0.92   -0.922963  0.00176595
         136       -0.92   -0.922941  0.00175305
         137       -0.92    -0.92292  0.00174034
         138       -0.92   -0.922899  0.00172781
         139       -0.92   -0.922878  0.00171546
         140       -0.92   -0.922857  0.00170329
         141       -0.92   -0.922837  0.00169129
         142       -0.92   -0.922817  0.00167945
         143       -0.92   -0.922797  0.00166778
         144       -0.92   -0.922778  0.00165627
         145       -0.92   -0.922759  0.00164492
         146       -0.92    -0.92274  0.00163373
         147       -0.92   -0.922721  0.00162268
         148       -0.92   -0.922703  0.00161179
         149       -0.92   -0.922685  0.00160103
         150       -0.92   -0.922667  0.00159043
         151       -0.92   -0.922649  0.00157996
         152       -0.92   -0.922632  0.00156963
         153       -0.92   -0.922614  0.00155943
         154       -0.92   -0.922597  0.00154936
         155       -0.92   -0.922581  0.00153942
         156       -0.92   -0.922564  0.00152961
         157       -0.92   -0.922548  0.00151993
         158       -0.92   -0.922532  0.00151036
         159       -0.92   -0.922516  0.00150092
         160       -0.92     -0.9225  0.00149159
         161       -0.92   -0.922484  0.00148238
         162       -0.92   -0.922469  0.00147328
         163       -0.92   -0.922454  0.00146429
         164       -0.92   -0.922439  0.00145541
         165       -0.92   -0.922424  0.00144664
         166       -0.92    -0.92241  0.00143797
         167       -0.92   -0.922395  0.00142941
         168       -0.92   -0.922381  0.00142095
         169       -0.92   -0.922367  0.00141258
         170       -0.92   -0.922353  0.00140432
         171       -0.92   -0.922339  0.00139615
         172       -0.92   -0.922326  0.00138808
         173       -0.92   -0.922312   0.0013801
         174       -0.92   -0.922299  0.00137221
         175       -0.92   -0.922286   0.0013644
         176       -0.92   -0.922273  0.00135669
         177       -0.92    -0.92226  0.00134907
         178       -0.92   -0.922247  0.00134153
         179       -0.92   -0.922235  0.00133407
         180       -0.92   -0.922222   0.0013267
         181       -0.92    -0.92221   0.0013194
         182       -0.92   -0.922198  0.00131219
         183       -0.92   -0.922186  0.00130505
         184       -0.92   -0.922174    0.001298
         185       -0.92   -0.922162  0.00129101
         186       -0.92   -0.922151  0.00128411
         187       -0.92   -0.922139  0.00127727
         188       -0.92   -0.922128  0.00127051
         189       -0.92   -0.922116  0.00126382
         190       -0.92   -0.922105   0.0012572
         191       -0.92   -0.922094  0.00125065
         192       -0.92   -0.922083  0.00124417
         193       -0.92   -0.922073  0.00123775
         194       -0.92   -0.922062   0.0012314
         195       -0.92   -0.922051  0.00122512
         196       -0.92   -0.922041   0.0012189
         197       -0.92    -0.92203  0.00121274
         198       -0.92    -0.92202  0.00120664
         199       -0.92    -0.92201   0.0012006
         200       -0.92      -0.922  0.00119463
         201       -0.92    -0.92199  0.00118871
         202       -0.92    -0.92198  0.00118285
         203       -0.92    -0.92197  0.00117705
         204       -0.92   -0.921961  0.00117131
         205       -0.92   -0.921951  0.00116562
         206       -0.92   -0.921942  0.00115999
         207       -0.92   -0.921932  0.00115441
         208       -0.92   -0.921923  0.00114888
         209       -0.92   -0.921914  0.00114341
         210       -0.92   -0.921905  0.00113799
         211       -0.92   -0.921896  0.00113262
         212       -0.92   -0.921887   0.0011273
         213       -0.92   -0.921878  0.00112203
         214       -0.92   -0.921869  0.00111681
         215       -0.92    -0.92186  0.00111163
         216       -0.92   -0.921852  0.00110651
         217       -0.92   -0.921843  0.00110143
         218       -0.92   -0.921835   0.0010964
         219       -0.92   -0.921826  0.00109141
         220       -0.92   -0.921818  0.00108647
         221       -0.92    -0.92181  0.00108158
         222       -0.92   -0.921802  0.00107672
         223       -0.92   -0.921794  0.00107192
         224       -0.92   -0.921786  0.00106715
         225       -0.92   -0.921778  0.00106243
         226       -0.92    -0.92177  0.00105774
         227       -0.92   -0.921762   0.0010531
         228       -0.92   -0.921754   0.0010485
         229       -0.92   -0.921747  0.00104394
         230       -0.92   -0.921739  0.00103942
         231       -0.92   -0.921732  0.00103494
         232       -0.92   -0.921724  0.00103049
         233       -0.92   -0.921717  0.00102609
         234       -0.92   -0.921709  0.00102172
         235       -0.92   -0.921702  0.00101739
         236       -0.92   -0.921695   0.0010131
         237       -0.92   -0.921688  0.00100884
         238       -0.92   -0.921681  0.00100461
         239       -0.92   -0.921674  0.00100043
         240       -0.92   -0.921667 0.000996274
         241       -0.92    -0.92166 0.000992155
         242       -0.92   -0.921653 0.000988071
         243       -0.92   -0.921646  0.00098402
         244       -0.92   -0.921639 0.000980002
         245       -0.92   -0.921633 0.000976017
         246       -0.92   -0.921626 0.000972064
         247       -0.92   -0.921619 0.000968143
         248       -0.92   -0.921613 0.000964253
         249       -0.92   -0.921606 0.000960395
         250       -0.92     -0.9216 0.000956567
         251       -0.92   -0.921594 0.000952769
         252       -0.92   -0.921587 0.000949002
         253       -0.92   -0.921581 0.000945265
         254       -0.92   -0.921575 0.000941556
         255       -0.92   -0.921569 0.000937877
         256       -0.92   -0.921562 0.000934226
         257       -0.92   -0.921556 0.000930604
         258       -0.92    -0.92155  0.00092701
         259       -0.92   -0.921544 0.000923443
         260       -0.92   -0.921538 0.000919903
         261       -0.92   -0.921533 0.000916391
         262       -0.92   -0.921527 0.000912905
         263       -0.92   -0.921521 0.000909446
         264       -0.92   -0.921515 0.000906013
         265       -0.92   -0.921509 0.000902606
         266       -0.92   -0.921504 0.000899224
         267       -0.92   -0.921498 0.000895868
         268       -0.92   -0.921493 0.000892536
         269       -0.92   -0.921487 0.000889229
         270       -0.92   -0.921481 0.000885947
         271       -0.92   -0.921476 0.000882688
         272       -0.92   -0.921471 0.000879454
         273       -0.92   -0.921465 0.000876243
         274       -0.92    -0.92146 0.000873056
         275       -0.92   -0.921455 0.000869891
         276       -0.92   -0.921449  0.00086675
         277       -0.92   -0.921444 0.000863631
         278       -0.92   -0.921439 0.000860535
         279       -0.92   -0.921434  0.00085746
         280       -0.92   -0.921429 0.000854408
         281       -0.92   -0.921423 0.000851377
         282       -0.92   -0.921418 0.000848367
         283       -0.92   -0.921413 0.000845379
         284       -0.92   -0.921408 0.000842412
         285       -0.92   -0.921404 0.000839465
         286       -0.92   -0.921399 0.000836539
         287       -0.92   -0.921394 0.000833634
         288       -0.92   -0.921389 0.000830748
         289       -0.92   -0.921384 0.000827883
         290       -0.92   -0.921379 0.000825037
         291       -0.92   -0.921375  0.00082221
         292       -0.92    -0.92137 0.000819403
         293       -0.92   -0.921365 0.000816615
         294       -0.92   -0.921361 0.000813846
         295       -0.92   -0.921356 0.000811096
         296       -0.92   -0.921351 0.000808364
         297       -0.92   -0.921347  0.00080565
         298       -0.92   -0.921342 0.000802955
         299       -0.92   -0.921338 0.000800278
         300       -0.92   -0.921333 0.000797618
         301       -0.92   -0.921329 0.000794976
         302       -0.92   -0.921325 0.000792352
         303       -0.92    -0.92132 0.000789744
         304       -0.92   -0.921316 0.000787154
         305       -0.92   -0.921311 0.000784581
         306       -0.92   -0.921307 0.000782025
         307       -0.92   -0.921303 0.000779485
         308       -0.92   -0.921299 0.000776961
         309       -0.92   -0.921294 0.000774454
         310       -0.92    -0.92129 0.000771963
         311       -0.92   -0.921286 0.000769488
         312       -0.92   -0.921282 0.000767029
         313       -0.92   -0.921278 0.000764586
         314       -0.92   -0.921274 0.000762157
         315       -0.92    -0.92127 0.000759745
         316       -0.92   -0.921266 0.000757347
         317       -0.92   -0.921262 0.000754965
         318       -0.92   -0.921258 0.000752598
         319       -0.92   -0.921254 0.000750245
         320       -0.92    -0.92125 0.000747907
         321       -0.92   -0.921246 0.000745584
         322       -0.92   -0.921242 0.000743275
         323       -0.92   -0.921238  0.00074098
         324       -0.92   -0.921235 0.000738699
         325       -0.92   -0.921231 0.000736433
         326       -0.92   -0.921227  0.00073418
         327       -0.92   -0.921223 0.000731941
         328       -0.92    -0.92122 0.000729716
         329       -0.92   -0.921216 0.000727504
         330       -0.92   -0.921212 0.000725305
         331       -0.92   -0.921208  0.00072312
         332       -0.92   -0.921205 0.000720948
         333       -0.92   -0.921201 0.000718788
         334       -0.92   -0.921198 0.000716642
         335       -0.92   -0.921194 0.000714509
         336       -0.92    -0.92119 0.000712388
         337       -0.92   -0.921187  0.00071028
         338       -0.92   -0.921183 0.000708184
         339       -0.92    -0.92118   0.0007061
         340       -0.92   -0.921176 0.000704029
         341       -0.92   -0.921173  0.00070197
         342       -0.92    -0.92117 0.000699923
         343       -0.92   -0.921166 0.000697887
         344          -1   -0.921395 0.000732621
         345          -1   -0.921623 0.000765201
         346          -1    -0.92185 0.000795902
         347          -1   -0.922075 0.000824944
         348          -1   -0.922299 0.000852504
         349          -1   -0.922521  0.00087873
         350          -1   -0.922743 0.000903746
         351          -1   -0.922963 0.000927658
         352          -1   -0.923182 0.000950557
         353          -1   -0.923399  0.00097252
         354          -1   -0.923616 0.000993617
         355          -1   -0.923831  0.00101391
         356          -1   -0.924045  0.00103345
         357          -1   -0.924258  0.00105228
         358          -1   -0.924469  0.00107045
         359          -1    -0.92468    0.001088
         360          -1   -0.924889  0.00110497
         361          -1   -0.925097  0.00112137
         362          -1   -0.925304  0.00113725
         363          -1    -0.92551  0.00115263
         364          -1   -0.925714  0.00116754
         365          -1   -0.925918  0.00118199
         366          -1    -0.92612    0.001196
         367          -1   -0.926322  0.00120961
         368          -1   -0.926522  0.00122282
         369          -1   -0.926721  0.00123565
         370          -1   -0.926919  0.00124812
         371          -1   -0.927116  0.00126024
         372          -1   -0.927312  0.00127203
         373          -1   -0.927507   0.0012835
         374          -1   -0.927701  0.00129465
         375          -1   -0.927893  0.00130551
         376          -1   -0.928085  0.00131608
         377          -1   -0.928276  0.00132637
         378          -1   -0.928466   0.0013364
         379          -1   -0.928654  0.00134617
         380          -1   -0.928842  0.00135568
         381          -1   -0.929029  0.00136496
         382          -1   -0.929215    0.001374
         383          -1   -0.929399  0.00138281
         384          -1   -0.929583  0.00139141
         385          -1   -0.929766  0.00139979
         386          -1   -0.929948  0.00140796
         387          -1   -0.930129  0.00141594
         388          -1   -0.930309  0.00142372
         389          -1   -0.930488  0.00143131
         390          -1   -0.930667  0.00143872
         391          -1   -0.930844  0.00144595
         392          -1    -0.93102  0.00145301
         393          -1   -0.931196  0.00145989
         394          -1   -0.931371  0.00146662
         395          -1   -0.931544  0.00147318
         396          -1   -0.931717  0.00147959
         397          -1   -0.931889  0.00148585
         398          -1    -0.93206  0.00149196
         399          -1   -0.932231  0.00149792
         400          -1     -0.9324  0.00150375
         401          -1   -0.932569  0.00150943
         402          -1   -0.932736  0.00151499
         403          -1   -0.932903  0.00152042
         404          -1   -0.933069  0.00152571
         405          -1   -0.933235  0.00153089
         406          -1   -0.933399  0.00153594
         407          -1   -0.933563  0.00154088
         408          -1   -0.933725   0.0015457
         409          -1   -0.933888   0.0015504
         410          -1   -0.934049    0.001555
         411          -1   -0.934209  0.00155949
         412          -1   -0.934369  0.00156387
         413          -1   -0.934528  0.00156816
         414          -1   -0.934686  0.00157234
         415          -1   -0.934843  0.00157642
         416          -1      -0.935  0.00158041
         417          -1   -0.935156   0.0015843
         418          -1   -0.935311   0.0015881
         419          -1   -0.935465  0.00159181
         420          -1   -0.935619  0.00159543
         421          -1   -0.935772  0.00159897
         422          -1   -0.935924  0.00160242
         423          -1   -0.936076  0.00160578
         424          -1   -0.936226  0.00160907
         425          -1   -0.936376  0.00161228
         426          -1   -0.936526  0.00161541
         427          -1   -0.936674  0.00161846
         428          -1   -0.936822  0.00162144
         429          -1    -0.93697  0.00162435
         430          -1   -0.937116  0.00162718
         431          -1   -0.937262  0.00162994
         432          -1   -0.937407  0.00163264
         433          -1   -0.937552  0.00163527
         434          -1   -0.937696  0.00163783
         435          -1   -0.937839  0.00164032
         436          -1   -0.937982  0.00164275
         437          -1   -0.938124  0.00164512
         438          -1   -0.938265  0.00164743
         439          -1   -0.938405  0.00164968
         440          -1   -0.938545  0.00165187
         441          -1   -0.938685    0.001654
         442          -1   -0.938824  0.00165607
         443          -1   -0.938962  0.00165809
         444          -1   -0.939099  0.00166005
         445          -1   -0.939236  0.00166196
         446          -1   -0.939372  0.00166382
         447          -1   -0.939508  0.00166563
         448          -1   -0.939643  0.00166738
         449          -1   -0.939777  0.00166908
         450          -1   -0.939911  0.00167074
         451          -1   -0.940044  0.00167235
         452          -1   -0.940177  0.00167391
         453          -1   -0.940309  0.00167542
         454          -1   -0.940441  0.00167689
         455          -1   -0.940571  0.00167831
         456          -1   -0.940702  0.00167969
         457          -1   -0.940832  0.00168103
         458          -1   -0.940961  0.00168232
         459          -1   -0.941089  0.00168357
         460          -1   -0.941217  0.00168478
         461          -1   -0.941345  0.00168595
         462          -1   -0.941472  0.00168708
         463          -1   -0.941598  0.00168817
         464          -1   -0.941724  0.00168923
         465          -1   -0.941849  0.00169024
         466          -1   -0.941974  0.00169122
         467          -1   -0.942099  0.00169216
         468          -1   -0.942222  0.00169307
         469          -1   -0.942345  0.00169394
         470          -1   -0.942468  0.00169478
         471          -1    -0.94259  0.00169558
         472          -1   -0.942712  0.00169635
         473          -1   -0.942833  0.00169709
         474          -1   -0.942954   0.0016978
         475          -1   -0.943074  0.00169847
         476          -1   -0.943193  0.00169911
         477          -1   -0.943312  0.00169972
         478          -1   -0.943431   0.0017003
         479          -1   -0.943549  0.00170086
         480          -1   -0.943667  0.00170138
         481          -1   -0.943784  0.00170187
         482          -1     -0.9439  0.00170234
         483          -1   -0.944017  0.00170278
         484          -1   -0.944132  0.00170319
         485          -1   -0.944247  0.00170357
         486          -1   -0.944362  0.00170393
         487          -1   -0.944476  0.00170426
         488          -1    -0.94459  0.00170456
         489          -1   -0.944703  0.00170484
         490          -1   -0.944816   0.0017051
         491          -1   -0.944929  0.00170533
         492          -1   -0.945041  0.00170554
         493          -1   -0.945152  0.00170572
         494          -1   -0.945263  0.00170588
         495          -1   -0.945374  0.00170602
         496          -1   -0.945484  0.00170614
         497          -1   -0.945594  0.00170623
         498          -1   -0.945703   0.0017063
         499          -1   -0.945812  0.00170635
         500          -1    -0.94592  0.00170638
