           1          -1          -1           0
           2          -1          -1           0
           3          -1          -1           0
           4          -1          -1           0
           5          -1          -1           0
           6          -1          -1           0
           7          -1          -1           0
           8          -1          -1           0
           9          -1          -1           0
          10          -1          -1           0
          11          -1          -1           0
          12          -1          -1           0
          13          -1          -1           0
          14          -1          -1           0
          15          -1          -1           0
          16          -1          -1           0
          17          -1          -1           0
          18          -1          -1           0
          19          -1          -1           0
          20          -1          -1           0
          21          -1          -1           0
          22          -1          -1           0
          23          -1          -1           0
          24          -1          -1           0
          25          -1          -1           0
          26          -1          -1           0
          27          -1          -1           0
          28          -1          -1           0
          29          -1          -1           0
          30          -1          -1           0
          31          -1          -1           0
          32          -1          -1           0
          33          -1          -1           0
          34          -1          -1           0
          35          -1          -1           0
          36          -1          -1           0
          37          -1          -1           0
          38          -1          -1           0
          39          -1          -1           0
          40          -1          -1           0
          41          -1          -1           0
          42          -1          -1           0
          43          -1          -1           0
          44          -1          -1           0
          45          -1          -1           0
          46          -1          -1           0
          47          -1          -1           0
          48          -1          -1           0
          49          -1          -1           0
          50          -1          -1           0
          51          -1          -1           0
          52          -1          -1           0
          53          -1          -1           0
          54          -1          -1           0
          55          -1          -1           0
          56          -1          -1           0
          57          -1          -1           0
          58          -1          -1           0
          59          -1          -1           0
          60          -1          -1           0
          61          -1          -1           0
          62          -1          -1           0
          63          -1          -1           0
          64          -1          -1           0
          65          -1          -1           0
          66          -1          -1           0
          67          -1          -1           0
          68          -1          -1           0
          69          -1          -1           0
          70          -1          -1           0
          71          -1          -1           0
          72          -1          -1           0
          73          -1          -1           0
          74          -1          -1           0
          75          -1          -1           0
          76          -1          -1           0
          77          -1          -1           0
          78          -1          -1           0
          79          -1          -1           0
          80          -1          -1           0
          81          -1          -1           0
          82          -1          -1           0
          83          -1          -1           0
          84          -1          -1           0
          85          -1          -1           0
          86          -1          -1           0
          87          -1          -1           0
          88          -1          -1           0
          89          -1          -1           0
          90          -1          -1           0
          91          -1          -1           0
          92          -1          -1           0
          93          -1          -1           0
          94          -1          -1           0
          95          -1          -1           0
          96          -1          -1           0
          97          -1          -1           0
          98          -1          -1           0
          99          -1          -1           0
         100          -1          -1           0
         101          -1          -1           0
         102          -1          -1           0
         103          -1          -1           0
         104          -1          -1           0
         105          -1          -1           0
         106          -1          -1           0
         107          -1          -1           0
         108          -1          -1           0
         109          -1          -1           0
         110          -1          -1           0
         111          -1          -1           0
         112          -1          -1           0
         113          -1          -1           0
         114          -1          -1           0
         115          -1          -1           0
         116          -1          -1           0
         117          -1          -1           0
         118          -1          -1           0
         119          -1          -1           0
         120          -1          -1           0
         121          -1          -1           0
         122          -1          -1           0
         123          -1          -1           0
         124          -1          -1           0
         125          -1          -1           0
         126          -1          -1           0
         127          -1          -1           0
         128          -1          -1           0
         129          -1          -1           0
         130          -1          -1           0
         131          -1          -1           0
         132          -1          -1           0
         133          -1          -1           0
         134          -1          -1           0
         135          -1          -1           0
         136          -1          -1           0
         137          -1          -1           0
         138          -1          -1           0
         139          -1          -1           0
         140          -1          -1           0
         141          -1          -1           0
         142          -1          -1           0
         143          -1          -1           0
         144          -1          -1           0
         145          -1          -1           0
         146          -1          -1           0
         147          -1          -1           0
         148          -1          -1           0
         149          -1          -1           0
         150          -1          -1           0
         151          -1          -1           0
         152          -1          -1           0
         153          -1          -1           0
         154          -1          -1           0
         155          -1          -1           0
         156          -1          -1           0
         157          -1          -1           0
         158          -1          -1           0
         159          -1          -1           0
         160          -1          -1           0
         161          -1          -1           0
         162          -1          -1           0
         163          -1          -1           0
         164          -1          -1           0
         165          -1          -1           0
         166          -1          -1           0
         167          -1          -1           0
         168          -1          -1           0
         169          -1          -1           0
         170          -1          -1           0
         171          -1          -1           0
         172          -1          -1           0
         173       -0.92   -0.999538 0.000462428
         174       -0.92    -0.99908 0.000648331
         175       -0.92   -0.998629 0.000787231
         176       -0.92   -0.998182 0.000901265
         177       -0.92    -0.99774 0.000999102
         178          -1   -0.997753 0.000993554
         179          -1   -0.997765 0.000988067
         180          -1   -0.997778 0.000982641
         181          -1    -0.99779 0.000977274
         182          -1   -0.997802 0.000971966
         183          -1   -0.997814 0.000966714
         184          -1   -0.997826  0.00096152
         185          -1   -0.997838  0.00095638
         186          -1   -0.997849 0.000951296
         187          -1   -0.997861 0.000946265
         188          -1   -0.997872 0.000941287
         189          -1   -0.997884 0.000936361
         190          -1   -0.997895 0.000931486
         191          -1   -0.997906 0.000926662
         192          -1   -0.997917 0.000921887
         193          -1   -0.997927 0.000917162
         194          -1   -0.997938 0.000912485
         195          -1   -0.997949 0.000907855
         196          -1   -0.997959 0.000903271
         197          -1    -0.99797 0.000898734
         198          -1    -0.99798 0.000894243
         199          -1    -0.99799 0.000889795
         200          -1      -0.998 0.000885392
         201          -1    -0.99801 0.000881033
         202          -1    -0.99802 0.000876716
         203          -1    -0.99803 0.000872441
         204          -1   -0.998039 0.000868207
         205          -1   -0.998049 0.000864015
         206          -1   -0.998058 0.000859862
         207          -1   -0.998068  0.00085575
         208          -1   -0.998077 0.000851676
         209          -1   -0.998086 0.000847641
         210          -1   -0.998095 0.000843645
         211          -1   -0.998104 0.000839685
         212          -1   -0.998113 0.000835763
         213          -1   -0.998122 0.000831877
         214          -1   -0.998131 0.000828027
         215          -1    -0.99814 0.000824213
         216          -1   -0.998148 0.000820433
         217          -1   -0.998157 0.000816688
         218          -1   -0.998165 0.000812977
         219          -1   -0.998174   0.0008093
         220          -1   -0.998182 0.000805656
         221          -1    -0.99819 0.000802044
         222          -1   -0.998198 0.000798465
         223          -1   -0.998206 0.000794917
         224          -1   -0.998214 0.000791401
         225          -1   -0.998222 0.000787916
         226          -1    -0.99823 0.000784461
         227          -1   -0.998238 0.000781037
         228          -1   -0.998246 0.000777642
         229          -1   -0.998253 0.000774277
         230          -1   -0.998261  0.00077094
         231          -1   -0.998268 0.000767632
         232          -1   -0.998276 0.000764353
         233          -1   -0.998283 0.000761101
         234          -1   -0.998291 0.000757877
         235          -1   -0.998298  0.00075468
         236          -1   -0.998305  0.00075151
         237          -1   -0.998312 0.000748367
         238          -1   -0.998319  0.00074525
         239          -1   -0.998326 0.000742158
         240          -1   -0.998333 0.000739092
         241          -1    -0.99834 0.000736052
         242          -1   -0.998347 0.000733036
         243          -1   -0.998354 0.000730045
         244          -1   -0.998361 0.000727078
         245          -1   -0.998367 0.000724135
         246          -1   -0.998374 0.000721216
         247          -1   -0.998381  0.00071832
         248          -1   -0.998387 0.000715448
         249          -1   -0.998394 0.000712598
         250          -1     -0.9984 0.000709771
         251          -1   -0.998406 0.000706966
         252          -1   -0.998413 0.000704184
         253          -1   -0.998419 0.000701423
         254          -1   -0.998425 0.000698684
         255          -1   -0.998431 0.000695966
         256          -1   -0.998437 0.000693269
         257          -1   -0.998444 0.000690593
         258          -1    -0.99845 0.000687937
         259          -1   -0.998456 0.000685302
         260          -1   -0.998462 0.000682687
         261          -1   -0.998467 0.000680092
         262          -1   -0.998473 0.000677517
         263          -1   -0.998479 0.000674961
         264          -1   -0.998485 0.000672424
         265          -1   -0.998491 0.000669906
         266          -1   -0.998496 0.000667407
         267          -1   -0.998502 0.000664926
         268          -1   -0.998507 0.000662464
         269          -1   -0.998513  0.00066002
         270          -1   -0.998519 0.000657594
         271          -1   -0.998524 0.000655186
         272          -1   -0.998529 0.000652795
         273          -1   -0.998535 0.000650422
         274          -1    -0.99854 0.000648066
         275          -1   -0.998545 0.000645727
         276          -1   -0.998551 0.000643405
         277          -1   -0.998556 0.000641099
         278          -1   -0.998561  0.00063881
         279          -1   -0.998566 0.000636537
         280          -1   -0.998571  0.00063428
         281          -1   -0.998577 0.000632039
         282          -1   -0.998582 0.000629814
         283          -1   -0.998587 0.000627605
         284          -1   -0.998592 0.000625411
         285          -1   -0.998596 0.000623232
         286          -1   -0.998601 0.000621069
         287          -1   -0.998606  0.00061892
         288          -1   -0.998611 0.000616786
         289          -1   -0.998616 0.000614667
         290          -1   -0.998621 0.000612563
         291          -1   -0.998625 0.000610472
         292          -1    -0.99863 0.000608396
         293          -1   -0.998635 0.000606334
         294          -1   -0.998639 0.000604286
         295          -1   -0.998644 0.000602252
         296          -1   -0.998649 0.000600231
         297          -1   -0.998653 0.000598224
         298          -1   -0.998658 0.000596231
         299          -1   -0.998662  0.00059425
         300          -1   -0.998667 0.000592283
         301          -1   -0.998671 0.000590328
         302          -1   -0.998675 0.000588387
         303          -1    -0.99868 0.000586458
         304       -0.92   -0.998421 0.000639262
         305       -0.92   -0.998164 0.000687085
         306       -0.92   -0.997908 0.000730923
         307       -0.92   -0.997655 0.000771472
         308       -0.92   -0.997403 0.000809242
         309       -0.92   -0.997152 0.000844619
         310       -0.92   -0.996903 0.000877906
         311       -0.92   -0.996656 0.000909345
         312       -0.92    -0.99641 0.000939134
         313          -1   -0.996422 0.000936199
         314          -1   -0.996433 0.000933282
         315          -1   -0.996444 0.000930383
         316          -1   -0.996456 0.000927503
         317          -1   -0.996467  0.00092464
         318          -1   -0.996478 0.000921794
         319          -1   -0.996489 0.000918967
         320          -1     -0.9965 0.000916156
         321          -1   -0.996511 0.000913362
         322          -1   -0.996522 0.000910586
         323          -1   -0.996533 0.000907826
         324          -1   -0.996543 0.000905083
         325          -1   -0.996554 0.000902357
         326          -1   -0.996564 0.000899647
         327          -1   -0.996575 0.000896953
         328          -1   -0.996585 0.000894275
         329          -1   -0.996596 0.000891613
         330          -1   -0.996606 0.000888967
         331          -1   -0.996616 0.000886337
         332          -1   -0.996627 0.000883722
         333          -1   -0.996637 0.000881122
         334          -1   -0.996647 0.000878538
         335          -1   -0.996657 0.000875968
         336          -1   -0.996667 0.000873414
         337          -1   -0.996677 0.000870875
         338          -1   -0.996686  0.00086835
         339          -1   -0.996696  0.00086584
         340          -1   -0.996706 0.000863344
         341          -1   -0.996716 0.000860863
         342          -1   -0.996725 0.000858396
         343          -1   -0.996735 0.000855943
         344          -1   -0.996744 0.000853504
         345          -1   -0.996754 0.000851079
         346          -1   -0.996763 0.000848667
         347          -1   -0.996772 0.000846269
         348          -1   -0.996782 0.000843885
         349          -1   -0.996791 0.000841514
         350          -1     -0.9968 0.000839156
         351          -1   -0.996809 0.000836812
         352          -1   -0.996818  0.00083448
         353          -1   -0.996827 0.000832162
         354          -1   -0.996836 0.000829856
         355          -1   -0.996845 0.000827563
         356          -1   -0.996854 0.000825283
         357          -1   -0.996863 0.000823015
         358          -1   -0.996872  0.00082076
         359          -1    -0.99688 0.000818517
         360          -1   -0.996889 0.000816286
         361          -1   -0.996898 0.000814067
         362          -1   -0.996906 0.000811861
         363          -1   -0.996915 0.000809666
         364          -1   -0.996923 0.000807483
         365          -1   -0.996932 0.000805312
         366          -1    -0.99694 0.000803152
         367          -1   -0.996948 0.000801004
         368          -1   -0.996957 0.000798868
         369          -1   -0.996965 0.000796742
         370          -1   -0.996973 0.000794628
         371          -1   -0.996981 0.000792526
         372          -1   -0.996989 0.000790434
         373          -1   -0.996997 0.000788353
         374       -0.92   -0.996791  0.00081275
         375          -1     -0.9968 0.000810625
         376          -1   -0.996809 0.000808511
         377          -1   -0.996817 0.000806408
         378          -1   -0.996825 0.000804316
         379          -1   -0.996834 0.000802234
         380          -1   -0.996842 0.000800164
         381          -1    -0.99685 0.000798104
         382          -1   -0.996859 0.000796054
         383          -1   -0.996867 0.000794016
         384          -1   -0.996875 0.000791987
         385          -1   -0.996883 0.000789969
         386          -1   -0.996891 0.000787961
         387       -0.92   -0.996693 0.000810648
         388       -0.92   -0.996495 0.000832366
         389       -0.92   -0.996298 0.000853194
         390          -1   -0.996308 0.000851056
         391          -1   -0.996317 0.000848929
         392          -1   -0.996327 0.000846813
         393          -1   -0.996336 0.000844707
         394          -1   -0.996345 0.000842612
         395          -1   -0.996354 0.000840527
         396          -1   -0.996364 0.000838452
         397          -1   -0.996373 0.000836388
         398          -1   -0.996382 0.000834334
         399          -1   -0.996391 0.000832289
         400          -1     -0.9964 0.000830255
         401          -1   -0.996409 0.000828231
         402          -1   -0.996418 0.000826216
         403          -1   -0.996427 0.000824211
         404          -1   -0.996436 0.000822216
         405          -1   -0.996444 0.000820231
         406          -1   -0.996453 0.000818255
         407          -1   -0.996462 0.000816288
         408          -1   -0.996471 0.000814331
         409          -1   -0.996479 0.000812384
         410          -1   -0.996488 0.000810445
         411          -1   -0.996496 0.000808516
         412          -1   -0.996505 0.000806596
         413          -1   -0.996513 0.000804685
         414          -1   -0.996522 0.000802784
         415          -1    -0.99653 0.000800891
         416          -1   -0.996538 0.000799007
         417          -1   -0.996547 0.000797131
         418          -1   -0.996555 0.000795265
         419          -1   -0.996563 0.000793407
         420          -1   -0.996571 0.000791558
         421          -1    -0.99658 0.000789718
         422          -1   -0.996588 0.000787886
         423          -1   -0.996596 0.000786063
         424          -1   -0.996604 0.000784248
         425          -1   -0.996612 0.000782441
         426          -1    -0.99662 0.000780643
         427          -1   -0.996628 0.000778853
         428          -1   -0.996636 0.000777071
         429          -1   -0.996643 0.000775297
         430          -1   -0.996651 0.000773531
         431          -1   -0.996659 0.000771773
         432          -1   -0.996667 0.000770024
         433          -1   -0.996674 0.000768282
         434          -1   -0.996682 0.000766548
         435          -1    -0.99669 0.000764822
         436          -1   -0.996697 0.000763103
         437          -1   -0.996705 0.000761392
         438          -1   -0.996712 0.000759689
         439          -1    -0.99672 0.000757994
         440          -1   -0.996727 0.000756306
         441          -1   -0.996735 0.000754626
         442          -1   -0.996742 0.000752953
         443          -1   -0.996749 0.000751287
         444          -1   -0.996757 0.000749629
         445          -1   -0.996764 0.000747978
         446          -1   -0.996771 0.000746334
         447          -1   -0.996779 0.000744698
         448          -1   -0.996786 0.000743068
         449          -1   -0.996793 0.000741446
         450          -1     -0.9968 0.000739831
         451          -1   -0.996807 0.000738223
         452          -1   -0.996814 0.000736622
         453          -1   -0.996821 0.000735027
         454          -1   -0.996828  0.00073344
         455          -1   -0.996835 0.000731859
         456          -1   -0.996842 0.000730286
         457          -1   -0.996849 0.000728719
         458          -1   -0.996856 0.000727158
         459          -1   -0.996863 0.000725605
         460          -1    -0.99687 0.000724058
         461          -1   -0.996876 0.000722517
         462          -1   -0.996883 0.000720983
         463          -1    -0.99689 0.000719456
         464          -1   -0.996897 0.000717935
         465          -1   -0.996903 0.000716421
         466          -1    -0.99691 0.000714912
         467          -1   -0.996916 0.000713411
         468          -1   -0.996923 0.000711915
         469          -1    -0.99693 0.000710426
         470          -1   -0.996936 0.000708943
         471          -1   -0.996943 0.000707466
         472          -1   -0.996949 0.000705995
         473          -1   -0.996956  0.00070453
         474          -1   -0.996962 0.000703072
         475          -1   -0.996968 0.000701619
         476          -1   -0.996975 0.000700173
         477          -1   -0.996981 0.000698732
         478          -1   -0.996987 0.000697297
         479          -1   -0.996994 0.000695869
         480          -1      -0.997 0.000694446
         481          -1   -0.997006 0.000693028
         482          -1   -0.997012 0.000691617
         483          -1   -0.997019 0.000690211
         484          -1   -0.997025 0.000688811
         485          -1   -0.997031 0.000687417
         486          -1   -0.997037 0.000686028
         487          -1   -0.997043 0.000684645
         488          -1   -0.997049 0.000683268
         489          -1   -0.997055 0.000681896
         490          -1   -0.997061 0.000680529
         491          -1   -0.997067 0.000679168
         492          -1   -0.997073 0.000677812
         493          -1   -0.997079 0.000676462
         494          -1   -0.997085 0.000675117
         495          -1   -0.997091 0.000673778
         496          -1   -0.997097 0.000672444
         497          -1   -0.997103 0.000671115
         498          -1   -0.997108 0.000669791
         499          -1   -0.997114 0.000668473
         500          -1    -0.99712 0.000667159
