           1          -1          -1           0
           2       -0.84       -0.92        0.08
           3       -0.68       -0.84    0.092376
           4       -0.76       -0.82    0.068313
           5       -0.84      -0.824    0.053066
           6       -0.84   -0.826667   0.0434102
           7       -0.84   -0.828571   0.0367377
           8       -0.84       -0.83   0.0318479
           9       -0.84   -0.831111   0.0281091
          10       -0.84      -0.832   0.0251573
          11       -0.76   -0.825455   0.0236783
          12       -0.76       -0.82   0.0222928
          13       -0.84   -0.821538    0.020564
          14       -0.84   -0.822857   0.0190842
          15       -0.68   -0.813333   0.0201581
          16       -0.84      -0.815   0.0189297
          17        -0.6   -0.802353   0.0218203
          18       -0.84   -0.804444   0.0206784
          19       -0.76   -0.802105   0.0196992
          20       -0.84      -0.804   0.0187841
          21       -0.76   -0.801905   0.0179897
          22       -0.84   -0.803636   0.0172397
          23       -0.84   -0.805217   0.0165488
          24       -0.84   -0.806667   0.0159104
          25       -0.84      -0.808   0.0153188
          26       -0.76   -0.806154   0.0148332
          27       -0.76   -0.804444   0.0143752
          28       -0.76   -0.802857    0.013943
          29       -0.76   -0.801379   0.0135345
          30       -0.68   -0.797333   0.0136873
          31        -0.6   -0.790968   0.0146893
          32        -0.6      -0.785   0.0154241
          33       -0.68   -0.781818   0.0152843
          34        -0.6   -0.776471   0.0157627
          35       -0.68   -0.773714   0.0155519
          36       -0.84   -0.775556   0.0152255
          37       -0.84   -0.777297   0.0149104
          38       -0.84   -0.778947   0.0146062
          39       -0.76   -0.778462   0.0142351
          40       -0.76      -0.778   0.0138823
          41       -0.84   -0.779512   0.0136236
          42       -0.84   -0.780952   0.0133731
          43       -0.84   -0.782326   0.0131304
          44       -0.68       -0.78   0.0130376
          45       -0.84   -0.781333   0.0128141
          46       -0.84   -0.782609   0.0125972
          47       -0.84    -0.78383   0.0123866
          48       -0.76   -0.783333    0.012136
          49        -0.6   -0.779592   0.0124607
          50       -0.76     -0.7792   0.0122152
          51       -0.84   -0.780392   0.0120325
          52       -0.92   -0.783077   0.0121004
          53       -0.92    -0.78566   0.0121478
          54       -0.92   -0.788148   0.0121776
          55       -0.92   -0.790545   0.0121921
          56       -0.92   -0.792857   0.0121936
          57       -0.92   -0.795088   0.0121836
          58       -0.92   -0.797241   0.0121639
          59       -0.92   -0.799322   0.0121357
          60       -0.92   -0.801333      0.0121
          61       -0.92   -0.803279    0.012058
          62       -0.84   -0.803871   0.0118767
          63       -0.84   -0.804444   0.0117007
          64       -0.68     -0.8025   0.0116794
          65       -0.76   -0.801846   0.0115169
          66       -0.84   -0.802424   0.0113558
          67       -0.76   -0.801791   0.0112029
          68       -0.68        -0.8   0.0111813
          69       -0.84    -0.80058   0.0110333
          70       -0.84   -0.801143   0.0108891
          71       -0.84    -0.80169   0.0107486
          72       -0.84   -0.802222   0.0106116
          73       -0.84    -0.80274    0.010478
          74       -0.84   -0.803243   0.0103477
          75       -0.68     -0.8016   0.0103402
          76       -0.76   -0.801053   0.0102179
          77       -0.76   -0.800519   0.0100984
          78       -0.84   -0.801026  0.00998098
          79       -0.76   -0.800506  0.00986751
          80       -0.76        -0.8  0.00975653
          81       -0.84   -0.800494  0.00964797
          82       -0.92   -0.801951  0.00964039
          83       -0.76   -0.801446  0.00953693
          84       -0.68        -0.8  0.00953298
          85       -0.84   -0.800471  0.00943191
          86       -0.76        -0.8  0.00933346
          87       -0.76    -0.79954  0.00923701
          88       -0.76   -0.799091  0.00914249
          89       -0.92   -0.800449   0.0091407
          90       -0.92   -0.801778  0.00913565
          91       -0.84   -0.802198  0.00904446
          92       -0.92   -0.803478  0.00903679
          93       -0.92   -0.804731  0.00902647
          94       -0.92   -0.805957  0.00901373
          95       -0.92   -0.807158  0.00899877
          96       -0.92   -0.808333  0.00898179
          97       -0.84    -0.80866   0.0088947
          98       -0.84    -0.80898  0.00880928
          99       -0.76   -0.808485  0.00873387
         100       -0.92     -0.8096  0.00871771
         101       -0.92   -0.810693   0.0086999
         102       -0.92   -0.811765  0.00868059
         103       -0.92   -0.812816  0.00865989
         104       -0.84   -0.813077   0.0085802
         105       -0.92   -0.814095  0.00855888
         106       -0.76   -0.813585   0.0084931
         107       -0.92   -0.814579  0.00847193
         108       -0.92   -0.815556  0.00844969
         109       -0.84    -0.81578  0.00837481
         110       -0.84      -0.816  0.00830125
         111       -0.76   -0.815495  0.00824158
         112       -0.84   -0.815714  0.00817059
         113       -0.84   -0.815929  0.00810082
         114       -0.84    -0.81614  0.00803222
         115       -0.76   -0.815652  0.00797702
         116       -0.76   -0.815172  0.00792249
         117       -0.68   -0.814017    0.007939
         118       -0.76   -0.813559  0.00788473
         119       -0.68   -0.812437  0.00789834
         120       -0.68   -0.811333  0.00790962
         121       -0.76   -0.810909  0.00785544
         122       -0.68   -0.809836  0.00786434
         123       -0.68    -0.80878  0.00787124
         124       -0.76   -0.808387   0.0078174
         125       -0.76      -0.808  0.00776427
         126       -0.76   -0.807619  0.00771182
         127       -0.84   -0.807874   0.0076551
         128       -0.84   -0.808125   0.0075992
         129       -0.84   -0.808372  0.00754411
         130       -0.84   -0.808615  0.00748981
         131       -0.92   -0.809466  0.00748089
         132       -0.92   -0.810303  0.00747108
         133       -0.84   -0.810526  0.00741805
         134       -0.84   -0.810746  0.00736577
         135       -0.84   -0.810963  0.00731422
         136       -0.76   -0.810588   0.0072699
         137       -0.76   -0.810219  0.00722608
         138       -0.76   -0.809855  0.00718275
         139       -0.76   -0.809496  0.00713991
         140       -0.68   -0.808571  0.00714882
         141       -0.76   -0.808227  0.00710629
         142       -0.84   -0.808451  0.00705961
         143       -0.84   -0.808671  0.00701354
         144       -0.92   -0.809444  0.00700745
         145       -0.92   -0.810207  0.00700059
         146       -0.92   -0.810959  0.00699303
         147       -0.84   -0.811156  0.00694811
         148       -0.84   -0.811351  0.00690375
         149       -0.68    -0.81047  0.00691369
         150       -0.76   -0.810133  0.00687569
         151       -0.68   -0.809272  0.00688416
         152       -0.68   -0.808421   0.0068914
         153       -0.68   -0.807582  0.00689747
         154       -0.76   -0.807273  0.00685949
         155       -0.76   -0.806968  0.00682192
         156       -0.92   -0.807692  0.00681666
         157       -0.92   -0.808408  0.00681077
         158       -0.92   -0.809114  0.00680429
         159       -0.92   -0.809811  0.00679723
         160       -0.68      -0.809  0.00680316
         161       -0.68   -0.808199  0.00680809
         162       -0.68   -0.807407  0.00681205
         163       -0.84   -0.807607  0.00677309
         164       -0.76   -0.807317  0.00673792
         165       -0.76    -0.80703  0.00670309
         166       -0.68   -0.806265  0.00670639
         167       -0.76   -0.805988  0.00667187
         168       -0.84    -0.80619  0.00663512
         169       -0.92   -0.806864  0.00663004
         170       -0.84   -0.807059   0.0065938
         171       -0.76   -0.806784   0.0065609
         172       -0.84   -0.806977   0.0065255
         173       -0.84   -0.807168  0.00649048
         174       -0.76   -0.806897  0.00645876
         175          -1      -0.808  0.00651586
         176       -0.92   -0.808636  0.00650991
         177       -0.84   -0.808814  0.00647546
         178       -0.76   -0.808539  0.00644481
         179       -0.76   -0.808268  0.00641444
         180       -0.92   -0.808889  0.00640884
         181       -0.76   -0.808619  0.00637905
         182       -0.68   -0.807912  0.00638314
         183       -0.68   -0.807213  0.00638653
         184       -0.68   -0.806522  0.00638925
         185       -0.76    -0.80627  0.00635959
         186       -0.76   -0.806022   0.0063302
         187       -0.68   -0.805348  0.00633222
         188       -0.76   -0.805106  0.00630306
         189       -0.84   -0.805291  0.00627234
         190       -0.76   -0.805053  0.00624379
         191       -0.84   -0.805236  0.00621371
         192       -0.92   -0.805833   0.0062101
         193       -0.84    -0.80601  0.00618037
         194       -0.84   -0.806186  0.00615093
         195       -0.76   -0.805949  0.00612389
         196       -0.76   -0.805714  0.00609707
         197       -0.84   -0.805888  0.00606854
         198       -0.84   -0.806061  0.00604027
         199        -0.6   -0.805025  0.00609839
         200       -0.68     -0.8044  0.00609994
         201       -0.76   -0.804179  0.00607353
         202       -0.76    -0.80396  0.00604735
         203       -0.76   -0.803744  0.00602138
         204       -0.84   -0.803922  0.00599442
         205       -0.76   -0.803707  0.00596896
         206       -0.84   -0.803883  0.00594252
         207       -0.84   -0.804058  0.00591632
         208       -0.92   -0.804615  0.00591413
         209       -0.92   -0.805167   0.0059116
         210       -0.92   -0.805714  0.00590874
         211       -0.92   -0.806256  0.00590557
         212       -0.92   -0.806792  0.00590208
         213       -0.68   -0.806197  0.00590439
         214       -0.76   -0.805981   0.0058807
         215       -0.76   -0.805767  0.00585719
         216       -0.84   -0.805926  0.00583216
         217       -0.84   -0.806083  0.00580735
         218       -0.84   -0.806239  0.00578274
         219       -0.76   -0.806027  0.00576014
         220       -0.76   -0.805818  0.00573772
         221       -0.68   -0.805249     0.00574
         222       -0.68   -0.804685  0.00574187
         223       -0.76   -0.804484  0.00571957
         224       -0.68   -0.803929  0.00572104
         225       -0.76   -0.803733   0.0056989
         226       -0.76    -0.80354  0.00567693
         227       -0.76   -0.803348  0.00565512
         228       -0.84   -0.803509  0.00563255
         229       -0.76   -0.803319  0.00561112
         230       -0.76    -0.80313  0.00558984
         231       -0.76   -0.802944  0.00556872
         232       -0.76   -0.802759  0.00554776
         233       -0.76   -0.802575  0.00552694
         234       -0.76   -0.802393  0.00550628
         235       -0.76   -0.802213  0.00548577
         236       -0.68   -0.801695  0.00548696
         237        -0.6   -0.800844  0.00552964
         238        -0.6        -0.8  0.00557065
         239        -0.6   -0.799163  0.00561006
         240        -0.6   -0.798333  0.00564793
         241       -0.76   -0.798174  0.00562669
         242       -0.76   -0.798017  0.00560562
         243       -0.68   -0.797531  0.00560359
         244       -0.76   -0.797377  0.00558269
         245       -0.76   -0.797224  0.00556195
         246       -0.76   -0.797073  0.00554136
         247       -0.84   -0.797247  0.00552162
         248       -0.84   -0.797419  0.00550201
         249       -0.84    -0.79759  0.00548254
         250       -0.76    -0.79744  0.00546263
         251       -0.68   -0.796972  0.00546091
         252       -0.68   -0.796508  0.00545896
         253       -0.76   -0.796364  0.00543926
         254       -0.76    -0.79622  0.00541969
         255       -0.76   -0.796078  0.00540026
         256       -0.76   -0.795938  0.00538097
         257       -0.76   -0.795798  0.00536182
         258        -0.6   -0.795039  0.00539464
         259       -0.76   -0.794903  0.00537548
         260       -0.84   -0.795077  0.00535757
         261       -0.84   -0.795249  0.00533978
         262       -0.84    -0.79542   0.0053221
         263       -0.84   -0.795589  0.00530454
         264       -0.84   -0.795758  0.00528708
         265       -0.76   -0.795623  0.00526882
         266       -0.76   -0.795489  0.00525068
         267       -0.76   -0.795356  0.00523267
         268       -0.76   -0.795224  0.00521478
         269       -0.76   -0.795093    0.005197
         270       -0.68   -0.794667  0.00519524
         271        -0.6   -0.793948  0.00522564
         272       -0.76   -0.793824  0.00520789
         273       -0.68   -0.793407   0.0052055
         274       -0.84   -0.793577  0.00518925
         275       -0.84   -0.793745   0.0051731
         276       -0.76   -0.793623  0.00515578
         277       -0.84   -0.793791  0.00513986
         278       -0.68   -0.793381  0.00513767
         279       -0.68   -0.792975  0.00513532
         280       -0.76   -0.792857  0.00511831
         281       -0.76    -0.79274   0.0051014
         282       -0.76   -0.792624   0.0050846
         283       -0.84   -0.792792  0.00506937
         284       -0.76   -0.792676  0.00505281
         285       -0.76   -0.792561  0.00503635
         286       -0.76   -0.792448     0.00502
         287       -0.84   -0.792613  0.00500522
         288       -0.84   -0.792778  0.00499053
         289       -0.76   -0.792664  0.00497452
         290       -0.76   -0.792552  0.00495862
         291       -0.84   -0.792715  0.00494424
         292       -0.76   -0.792603  0.00492855
         293       -0.68   -0.792218  0.00492671
         294        -0.6   -0.791565  0.00495327
         295       -0.76   -0.791458  0.00493761
         296       -0.76   -0.791351  0.00492204
         297       -0.76   -0.791246  0.00490658
         298       -0.76   -0.791141  0.00489121
         299       -0.68   -0.790769  0.00488898
         300       -0.84   -0.790933  0.00487541
         301       -0.84   -0.791096  0.00486192
         302       -0.76   -0.790993  0.00484689
         303       -0.76   -0.790891  0.00483195
         304       -0.76   -0.790789   0.0048171
         305       -0.68   -0.790426    0.004815
         306       -0.76   -0.790327  0.00480027
         307       -0.68   -0.789967  0.00479809
         308       -0.76    -0.78987  0.00478347
         309       -0.76   -0.789773  0.00476895
         310       -0.76   -0.789677  0.00475451
         311       -0.76   -0.789582  0.00474016
         312       -0.68   -0.789231  0.00473798
         313       -0.68   -0.788882  0.00473569
         314       -0.76    -0.78879  0.00472148
         315       -0.92   -0.789206  0.00472487
         316       -0.92    -0.78962  0.00472804
         317       -0.92   -0.790032  0.00473101
         318       -0.76   -0.789937  0.00471706
         319       -0.84   -0.790094  0.00470487
         320       -0.84    -0.79025  0.00469273
         321       -0.92   -0.790654  0.00469552
         322       -0.84   -0.790807  0.00468342
         323       -0.76   -0.790712  0.00466988
         324       -0.76   -0.790617  0.00465641
         325       -0.68   -0.790277  0.00465452
         326       -0.84   -0.790429  0.00464272
         327       -0.68   -0.790092  0.00464081
         328       -0.76       -0.79  0.00462755
         329       -0.76   -0.789909  0.00461436
         330       -0.76   -0.789818  0.00460125
         331        -0.6   -0.789245  0.00462303
         332       -0.52   -0.788434  0.00467989
         333        -0.6   -0.787868      0.0047
         334       -0.68   -0.787545  0.00469703
         335       -0.68   -0.787224  0.00469398
         336       -0.84   -0.787381  0.00468262
         337       -0.76     -0.7873  0.00466941
         338       -0.76   -0.787219  0.00465628
         339       -0.68   -0.786903  0.00465328
         340       -0.52   -0.786118  0.00470552
         341        -0.6   -0.785572  0.00472334
         342       -0.68   -0.785263  0.00471961
         343       -0.68   -0.784956  0.00471583
         344       -0.36   -0.783721  0.00486167
         345        -0.6   -0.783188  0.00487672
         346        -0.6   -0.782659  0.00489134
         347       -0.44   -0.781671  0.00497619
         348        -0.6   -0.781149  0.00498926
         349        -0.6    -0.78063  0.00500194
         350       -0.52   -0.779886  0.00504291
         351       -0.52   -0.779145  0.00508275
         352        -0.6   -0.778636  0.00509377
         353       -0.68   -0.778357    0.005087
         354       -0.68   -0.778079  0.00508022
         355       -0.68   -0.777803  0.00507341
         356       -0.68   -0.777528   0.0050666
         357       -0.68   -0.777255  0.00505976
         358       -0.84    -0.77743  0.00504865
         359       -0.76   -0.777382  0.00503481
         360        -0.6   -0.776889  0.00504492
         361        -0.6   -0.776399  0.00505473
         362       -0.76   -0.776354  0.00504095
         363       -0.76   -0.776309  0.00502725
         364       -0.68   -0.776044   0.0050204
         365       -0.68   -0.775781  0.00501353
         366        -0.6   -0.775301  0.00502283
         367       -0.68   -0.775041  0.00501585
         368       -0.76      -0.775  0.00500237
         369       -0.84   -0.775176   0.0049919
         370       -0.76   -0.775135  0.00497856
         371       -0.76   -0.775094  0.00496529
         372        -0.6   -0.774624  0.00497425
         373       -0.84   -0.774799  0.00496399
         374       -0.76   -0.774759  0.00495085
         375       -0.76    -0.77472  0.00493779
         376       -0.76   -0.774681   0.0049248
         377       -0.76   -0.774642  0.00491187
         378       -0.76   -0.774603  0.00489901
         379       -0.76   -0.774565  0.00488622
         380       -0.76   -0.774526   0.0048735
         381       -0.68   -0.774278  0.00486702
         382       -0.76   -0.774241   0.0048544
         383       -0.76   -0.774204  0.00484185
         384       -0.76   -0.774167  0.00482937
         385       -0.76    -0.77413  0.00481695
         386       -0.68   -0.773886  0.00481064
         387       -0.76    -0.77385  0.00479833
         388       -0.76   -0.773814  0.00478608
         389        -0.6   -0.773368  0.00479462
         390       -0.76   -0.773333  0.00478244
         391       -0.76   -0.773299  0.00477031
         392       -0.76   -0.773265  0.00475825
         393       -0.52   -0.772621  0.00478968
         394        -0.6   -0.772183  0.00479755
         395       -0.52   -0.771544  0.00482779
         396       -0.68   -0.771313  0.00482113
         397       -0.68   -0.771083  0.00481447
         398        -0.6   -0.770653  0.00482156
         399       -0.68   -0.770426  0.00481482
         400       -0.76     -0.7704  0.00480284
         401       -0.76   -0.770374  0.00479092
         402       -0.68   -0.770149  0.00478427
         403       -0.76   -0.770124  0.00477245
         404       -0.76   -0.770099  0.00476069
         405       -0.76   -0.770074  0.00474898
         406       -0.76   -0.770049  0.00473734
         407       -0.76   -0.770025  0.00472575
         408       -0.84   -0.770196  0.00471727
         409       -0.76   -0.770171  0.00470579
         410       -0.68   -0.769951  0.00469945
         411       -0.68   -0.769732   0.0046931
         412        -0.6    -0.76932  0.00469979
         413        -0.6    -0.76891  0.00470629
         414       -0.68   -0.768696  0.00469982
         415       -0.76   -0.768675  0.00468852
         416       -0.76   -0.768654  0.00467729
         417       -0.84   -0.768825  0.00466919
         418       -0.84   -0.768995  0.00466112
         419       -0.76   -0.768974  0.00465003
         420       -0.68   -0.768762  0.00464378
         421       -0.68   -0.768551  0.00463753
         422       -0.84    -0.76872  0.00462963
         423       -0.84   -0.768889  0.00462174
         424       -0.68   -0.768679  0.00461559
         425       -0.76   -0.768659  0.00460476
         426       -0.76   -0.768638  0.00459399
         427       -0.92   -0.768993   0.0045969
         428       -0.76   -0.768972   0.0045862
         429       -0.92   -0.769324  0.00458902
         430       -0.84   -0.769488  0.00458128
         431       -0.84   -0.769652  0.00457357
         432       -0.84   -0.769815  0.00456588
         433       -0.92   -0.770162   0.0045685
         434       -0.84   -0.770323  0.00456081
         435        -0.6   -0.769931  0.00456712
         436       -0.68   -0.769725   0.0045613
         437       -0.76   -0.769703  0.00455091
         438       -0.76    -0.76968  0.00454056
         439       -0.76   -0.769658  0.00453026
         440        -0.6   -0.769273  0.00453637
         441        -0.6   -0.768889  0.00454232
         442       -0.76   -0.768869  0.00453207
         443       -0.84   -0.769029  0.00452468
         444       -0.76   -0.769009  0.00451452
         445       -0.84   -0.769169  0.00450719
         446       -0.84   -0.769327  0.00449988
         447       -0.76   -0.769306  0.00448985
         448       -0.76   -0.769286  0.00447986
         449       -0.76   -0.769265  0.00446992
         450       -0.68   -0.769067  0.00446439
         451       -0.68   -0.768869  0.00445885
         452       -0.68   -0.768673  0.00445332
         453       -0.84    -0.76883  0.00444627
         454       -0.84   -0.768987  0.00443923
         455       -0.84   -0.769143  0.00443221
         456       -0.84   -0.769298  0.00442521
         457       -0.52   -0.768753  0.00444909
         458       -0.68   -0.768559  0.00444359
         459       -0.68   -0.768366  0.00443809
         460       -0.68   -0.768174   0.0044326
         461       -0.68   -0.767983  0.00442711
         462       -0.76   -0.767965  0.00441755
         463       -0.76   -0.767948  0.00440803
         464       -0.68   -0.767759   0.0044026
         465        -0.6   -0.767398  0.00440791
         466        -0.6   -0.767039  0.00441309
         467       -0.76   -0.767024  0.00440365
         468       -0.76   -0.767009  0.00439426
         469       -0.84   -0.767164  0.00438764
         470       -0.84   -0.767319  0.00438104
         471       -0.84   -0.767473  0.00437445
         472       -0.84   -0.767627  0.00436788
         473       -0.76   -0.767611  0.00435866
         474       -0.68   -0.767426  0.00435338
         475        -0.6   -0.767074  0.00435848
         476        -0.6   -0.766723  0.00436346
         477        -0.6   -0.766373   0.0043683
         478       -0.68   -0.766192   0.0043629
         479        -0.6   -0.765846  0.00436758
         480       -0.76   -0.765833  0.00435849
         481        -0.6   -0.765489  0.00436307
         482       -0.76   -0.765477  0.00435402
         483       -0.76   -0.765466  0.00434501
         484       -0.84    -0.76562  0.00433876
         485       -0.68   -0.765443   0.0043334
         486       -0.68   -0.765267  0.00432805
         487        -0.6   -0.764928  0.00433246
         488       -0.84   -0.765082  0.00432631
         489       -0.84   -0.765235  0.00432017
         490       -0.76   -0.765224  0.00431136
         491       -0.76   -0.765214  0.00430258
         492       -0.84   -0.765366  0.00429652
         493       -0.76   -0.765355  0.00428781
         494       -0.76   -0.765344  0.00427913
         495       -0.84   -0.765495  0.00427314
         496       -0.76   -0.765484  0.00426453
         497       -0.76   -0.765473  0.00425596
         498       -0.76   -0.765462  0.00424742
         499       -0.76   -0.765451  0.00423891
         500       -0.76    -0.76544  0.00423044
