27.2557
24.7421
22.2888
20.4524
20.4524
19.9126
19.1921
18.7134
18.4713
18.0722
17.3074
16.5441
16.2035
16.1053
14.9555
14.9555
14.4624
14.3267
13.5086
13.5086
13.5086
13.5086
13.4435
13.301
13.1913
13.1913
12.7533
12.7326
12.7326
12.1356
12.1158
11.7555
11.7555
11.7149
11.7149
11.6912
11.6499
11.6499
11.5975
11.5975
11.5975
11.5956
11.3003
11.3003
11.2983
11.2983
11.2983
11.2872
11.2655
11.2655
11.2655
11.2655
11.2655
11.2655
11.2655
11.2655
11.2655
10.7226
10.7226
10.7226
10.7226
10.7226
10.7226
10.7037
10.7037
10.7037
10.7037
10.7037
10.7037
10.7037
10.6936
10.6799
10.6799
10.6799
10.6799
10.6799
10.6799
10.6799
10.6799
10.6799
10.6799
10.6799
10.4996
10.4996
10.4996
10.4996
10.4187
10.3991
10.3991
10.3991
10.3991
10.3991
10.3991
10.3991
10.3991
10.3991
10.3731
10.3731
10.3731
10.3731
10.3731
10.3731
10.3598
10.3344
10.3344
10.3344
10.3344
10.3236
10.3167
10.3167
10.3167
10.3167
10.3167
10.3167
10.3167
10.3053
10.3053
10.3053
10.3053
10.3053
10.3053
10.3053
10.3053
10.3053
10.3053
10.3053
10.3053
10.3053
10.3053
10.3053
10.3053
10.3053
10.3053
10.3053
10.3053
10.3053
10.3053
10.3053
10.3053
10.3053
10.3053
10.3053
10.3053
10.3053
10.3053
10.3053
10.3053
10.3053
10.3053
10.3053
10.3053
10.3053
10.3053
10.3053
10.3053
10.3053
10.3053
10.3053
10.3053
10.3053
10.3053
10.3053
10.3053
10.3053
10.3053
10.3053
10.3053
10.3053
10.3053
10.3053
10.3053
10.3053
10.3053
10.3053
10.3053
10.3053
10.2531
10.1974
10.1974
10.1974
10.1974
10.1974
10.1974
10.1974
10.1974
10.1974
10.1974
10.1974
10.1974
10.1974
10.1974
10.1974
10.1974
10.1974
10.1974
10.1974
10.1974
10.1974
10.1974
10.1974
