27.953
27.0062
25.336
25.0719
25.0636
24.0041
23.5609
22.7813
21.1633
21.1633
19.3633
19.3473
18.8565
18.602
17.8859
17.5721
16.8073
16.533
16.2412
15.6431
15.2869
14.9568
14.7003
14.7003
14.7003
13.315
13.315
13.315
13.315
13.315
12.3898
12.3898
12.1545
11.8321
11.8321
11.8303
11.8298
11.7825
11.7825
11.7593
11.7593
11.2193
11.2193
11.1734
11.1734
11.1734
11.0132
11.0132
11.0132
11.0132
11.0132
11.0132
10.945
9.93405
9.93405
9.9
9.46958
9.46958
9.34738
9.2316
8.87553
8.87553
8.63755
8.284
8.284
8.15016
8.10972
8.10972
8.09482
8.01789
8.00418
7.91739
7.86166
7.86166
7.86166
7.86166
7.86166
7.86166
7.86166
7.86166
7.86166
7.86166
7.86166
7.86166
7.86166
7.86166
7.86166
7.86166
7.86166
7.86166
7.86166
7.86166
7.86166
7.86166
7.86166
7.86166
7.86166
7.86166
7.86166
7.86166
7.86166
7.86166
7.86166
7.86166
7.86166
7.86166
7.86166
7.86166
7.86166
7.86166
7.86166
7.86166
7.86166
7.86166
7.86166
7.86166
7.86166
7.86166
7.86166
7.86166
7.86166
7.86166
7.86166
7.86166
7.86166
7.86166
7.86166
7.86166
7.86166
7.86166
7.86166
7.86166
7.86166
7.86166
7.86166
7.86166
7.86166
7.86166
7.86166
7.86166
7.86166
7.86166
7.86166
7.86166
7.86166
7.86166
7.86166
7.86166
7.86166
7.86166
7.86166
7.86166
7.86166
7.86166
7.86166
7.86166
7.86166
7.86166
7.86166
7.86166
7.86166
7.86166
7.86166
7.86166
7.86166
7.86166
7.86166
7.86166
7.86166
7.86166
7.86166
7.86166
7.86166
7.86166
7.86166
7.86166
7.86166
7.86166
7.86166
7.86166
7.86166
7.86166
7.86166
7.86166
7.86166
7.86166
7.86166
7.86166
7.86166
7.86166
7.86166
7.86166
7.86166
7.86166
7.86166
7.86166
7.86166
7.86166
7.86166
7.86166
