28.165
27.5591
25.5038
25.1481
24.7783
24.4394
23.6677
23.6677
21.8024
20.6761
20.5934
19.7725
19.521
19.521
18.9071
18.5636
17.8673
17.6316
17.2066
17.0153
16.3718
16.1078
15.8721
15.6478
15.3417
15.3417
15.1296
15.0493
14.9538
14.8932
14.6221
14.373
14.3566
14.2499
14.2499
14.1621
14.1621
14.1621
14.1621
14.0093
14.0093
14.0093
13.94
13.7871
13.7871
13.5343
13.5343
13.5343
13.5032
13.5032
13.5032
13.5032
13.4947
13.4947
13.4947
13.4947
13.4944
13.4944
13.4787
13.4787
13.4785
12.9709
12.9709
12.9709
12.9709
12.8686
12.8686
12.8686
12.7696
12.6316
12.6316
12.2365
12.2011
12.2011
11.8856
11.8856
11.8856
11.8578
11.6615
11.5768
11.5768
11.3094
11.2234
11.2234
11.1457
11.0074
11.0074
10.3348
10.3348
10.3348
10.0428
9.4397
9.4397
9.2016
9.2016
9.2016
9.0652
9.0652
9.0652
9.0652
9.0652
9.0652
9.0652
9.0652
9.0652
9.06504
9.0652
9.0652
9.0652
9.0652
9.0652
9.0652
9.0652
9.0652
9.06504
9.0652
9.0652
9.0652
9.0652
9.0652
9.06504
9.06504
9.06504
9.06504
9.06504
9.06504
8.86696
8.85527
8.85527
8.65719
8.65719
8.61992
8.61992
8.61992
8.61992
8.61992
8.61992
8.61992
8.61992
8.61992
8.61992
8.61992
8.61992
8.61992
8.61992
8.61992
8.61992
8.61992
8.61992
8.61992
8.61992
8.61992
8.61992
8.61992
8.61992
8.61992
8.61992
8.61992
8.61992
8.61992
8.61992
8.61992
8.61992
8.61992
8.61992
8.61992
8.61992
8.61992
8.61992
8.61992
8.61992
8.61992
8.61992
8.61992
8.61992
8.61992
8.61992
8.61992
8.61992
8.61992
8.61992
8.61992
8.61992
8.61992
8.61992
8.61992
8.61992
8.61992
8.61992
8.61992
8.61992
8.61992
8.61992
8.61992
8.61992
8.61992
8.61992
8.61992
8.61992
8.61992
