32.8894
30.3093
28.5699
26.9762
24.9814
23.8458
23.4242
22.1345
21.0765
20.3677
19.8057
19.0249
18.7398
18.2886
17.7855
17.4228
17.1009
16.6323
16.4936
16.4755
16.3531
15.935
15.3715
14.728
14.5048
14.4443
14.2711
13.9608
13.8972
13.8732
13.8826
13.8355
13.6198
13.1721
12.9099
12.8698
12.7404
12.6395
12.5712
12.4719
12.4816
12.4584
12.4507
12.4606
12.3942
12.357
12.2857
12.2684
12.28
12.2683
12.2713
12.2587
12.2651
12.2488
12.2552
12.2351
12.2028
12.1957
12.1804
12.1984
12.1872
12.1885
12.1892
12.1481
12.0393
11.9371
11.9429
11.9234
11.9175
11.9084
11.9254
11.9167
11.914
11.8364
11.6893
11.6527
11.6159
11.4785
10.9077
10.6424
10.6565
10.634
10.6644
10.6573
10.6303
10.567
10.3994
10.3671
10.3864
10.3862
10.3741
10.3653
10.3754
10.3757
10.3648
10.3523
10.2154
9.9303
9.89725
9.89023
9.88699
9.89526
9.87212
9.86936
9.8784
9.89877
9.87509
9.89913
9.89529
9.88488
9.87525
9.88778
9.87549
9.86596
9.87779
9.89237
9.88345
9.88011
9.86731
9.87491
9.88427
9.87392
9.8924
9.88507
9.86417
9.87701
9.88071
9.9071
9.8728
9.85972
9.86959
9.86505
9.85285
9.84773
9.86261
9.86625
9.85328
9.85163
9.85042
9.85847
9.8681
9.86752
9.85622
9.87944
9.86257
9.86432
9.85056
9.87339
9.84831
9.87918
9.87786
9.86318
9.91053
9.86892
9.86968
9.84459
9.87708
9.85115
9.85902
9.85216
9.86403
9.86954
9.8571
9.87107
9.88821
9.85983
9.85571
9.85784
9.85775
9.88271
9.84878
9.85205
9.85534
9.8819
9.87912
9.86303
9.84627
9.87207
9.85316
9.86003
9.86847
9.86814
9.8737
9.86511
9.84863
9.85584
9.85248
9.8525
9.87579
9.87297
9.86452
9.87089
9.86576
9.86866
9.84972
9.86005
9.87522
9.85882
9.87752
9.84984
