30.358
29.3112
27.9978
26.8807
26.2162
25.6396
24.7074
24.0307
23.6913
22.8721
22.2466
22.0254
21.4686
20.9638
20.7725
20.5093
20.0721
19.8104
19.5783
19.3719
18.9035
18.6566
18.3665
18.3131
18.2743
18.1623
17.9554
17.6534
17.5008
17.1824
16.8312
16.6012
16.4082
16.3919
16.3366
16.254
16.0317
15.9244
15.8938
15.8492
15.7523
15.665
15.5944
15.5474
15.4433
15.2457
15.014
14.8616
14.5459
13.9943
13.761
13.7384
13.641
13.5693
13.5487
13.5348
13.5416
13.5487
13.5476
13.5374
13.5404
13.5444
13.5734
13.5535
13.5482
13.5569
13.5597
13.5266
13.5052
13.4535
13.3334
13.2952
13.2878
13.279
13.2081
13.199
13.1861
13.1635
13.1131
12.8464
12.5996
12.5411
12.541
12.5464
12.5281
12.542
12.5186
12.5251
12.5447
12.4782
12.3657
12.1989
12.1566
12.1528
12.1556
12.144
12.1659
12.1456
12.1566
12.1677
12.1687
12.1495
12.171
12.175
12.1592
12.1637
12.1219
12.1014
12.0749
12.0868
12.0909
12.0842
12.0915
12.0989
12.0969
12.0877
12.0773
12.0981
12.0825
12.0744
12.0525
12.0158
11.9428
11.9215
11.8665
11.8645
11.8502
11.8475
11.8441
11.8556
11.8754
11.8678
11.8479
11.8581
11.8638
11.8703
11.8485
11.8735
11.8454
11.8689
11.8583
11.8459
11.8669
11.8781
11.8596
11.8461
11.8443
11.8704
11.8621
11.8509
11.8564
11.87
11.8514
11.8435
11.8312
11.7938
11.7826
11.7969
11.7971
11.7927
11.7858
11.7925
11.7983
11.797
11.7799
11.8116
11.7808
11.8508
11.7814
11.7919
11.7859
11.7764
11.791
11.7884
11.773
11.8079
11.8088
11.7833
11.8048
11.7992
11.7879
11.7887
11.7813
11.787
11.7754
11.7826
11.7926
11.7941
11.7841
11.7894
11.8047
11.7832
11.7734
11.7964
11.7926
11.7935
11.792
11.7938
11.8021
11.7878
