0           0           0
0.00512993           0           0
0.0102599           0           0
0.0153898           0           0
0.0205197           0           0
0.0256496           0           0
0.0307796           0           0
0.0359095           0           0
0.0410394           0           0
0.0461694           0           0
0.0512993           0           0
0.0564292           0           0
0.0615591           0           0
0.0666891           0           0
0.071819           0           0
0.0769489           0           0
0.0820788           0           0
0.0872088           0           0
0.0923387           0           0
0.0974686           0           0
0.102599           0           0
0.107728           0           0
0.112858           0           0
0.117988           0           0
0.123118           0           0
0.128248           0           0
0.133378           0           0
0.138508           0           0
0.143638           0           0
0.148768           0           0
0.153898           0           0
0.159028           0           0
0.164158           0           0
0.169288           0           0
0.174418           0           0
0.179547           0           0
0.184677           0           0
0.189807           0           0
0.194937           0           0
0.200067           0           0
0.205197           0           0
0.210327           0           0
0.215457           0           0
0.220587           0           0
0.225717           0           0
0.230847           0           0
0.235977           0           0
0.241107           0           0
0.246237           0           0
0.251366           0           0
0.256496           0           0
0.261626           0           0
0.266756           0           0
0.271886           0           0
0.277016           0           0
0.282146           0           0
0.287276           0           0
0.292406           0           0
0.297536           0           0
0.302666           0           0
0.307796           0           0
0.312926           0           0
0.318056           0           0
0.323185           0           0
0.328315           0           0
0.333445           0           0
0.338575           0           0
0.343705           0           0
0.348835           0           0
0.353965           0           0
0.359095           0           0
0.364225           0           0
0.369355           0           0
0.374485           0           0
0.379615           0           0
0.384745           0           0
0.389875           0           0
0.395004           0           0
0.400134           0           0
0.405264           0           0
0.410394           0           0
0.415524           0           0
0.420654           0           0
0.425784           0           0
0.430914           0           0
0.436044           0           0
0.441174           0           0
0.446304           0           0
0.451434           0           0
0.456564           0           0
0.461694           0           0
0.466823           0           0
0.471953           0           0
0.477083           0           0
0.482213           0           0
0.487343           0           0
0.492473           0           0
0.497603           0           0
0.502733           0           0
0.507863           0           0
0.512993           0           0
0.518123           0           0
0.523253           0           0
0.528383           0           0
0.533512           0           0
0.538642           0           0
0.543772           0           0
0.548902           0           0
0.554032           0           0
0.559162           0           0
0.564292           0           0
0.569422           0           0
0.574552           0           0
0.579682           0           0
0.584812           0           0
0.589942           0           0
0.595072           0           0
0.600202           0           0
0.605331           0           0
0.610461           0           0
0.615591           0           0
0.620721           0           0
0.625851           0           0
0.630981           0           0
0.636111           0           0
0.641241           0           0
0.646371           0           0
0.651501           0           0
0.656631           0           0
0.661761           0           0
0.666891           0           0
0.672021           0           0
0.67715           0           0
0.68228           0           0
0.68741           0           0
0.69254           0           0
0.69767           0           0
0.7028           0           0
0.70793           0           0
0.71306           0           0
0.71819           0           0
0.72332           0           0
0.72845           0           0
0.73358           0           0
0.73871           0           0
0.74384           0           0
0.748969           0           0
0.754099           0           0
0.759229           0           0
0.764359           0           0
0.769489           0           0
0.774619           0           0
0.779749           0           0
0.784879           0           0
0.790009           0           0
0.795139           0           0
0.800269           0           0
0.805399           0           0
0.810529           0           0
0.815659           0           0
0.820788           0           0
0.825918           0           0
0.831048           0           0
0.836178           0           0
0.841308           0           0
0.846438           0           0
0.851568           0           0
0.856698           0           0
0.861828 1.21585e-05 1.18507e-05
0.866958 1.20147e-05 1.17104e-05
0.872088 0.000154353 6.11793e-05
0.877218 0.000258158 8.44554e-05
0.882348  0.00086985 0.000141928
0.887478  0.00185716 0.000262371
0.892607  0.00300302 0.000258351
0.897737  0.00708007 0.000349048
0.902867   0.0128363 0.000481102
0.907997   0.0178379 0.000583652
0.913127   0.0345928 0.000716702
0.918257   0.0486704   0.0011628
0.923387    0.075307  0.00104608
0.928517    0.109048  0.00153922
0.933647    0.155525  0.00187606
0.938777    0.211979   0.0024209
0.943907    0.278959  0.00362177
0.949037     0.35968  0.00355859
0.954167    0.455195  0.00307863
0.959297    0.557158  0.00389329
0.964426    0.670792  0.00558754
0.969556     0.80411  0.00500242
0.974686    0.929063  0.00529777
0.979816     1.07178  0.00685023
0.984946      1.2161  0.00583413
0.990076     1.36544  0.00654502
0.995206     1.50506   0.0081886
1.00034     1.65332  0.00709147
1.00547      1.7697  0.00753675
1.0106     1.90933  0.00876601
1.01573     2.00945   0.0068208
1.02086     2.12291   0.0080684
1.02599     2.20184   0.0104043
1.03112     2.30908  0.00796022
1.03625     2.36922  0.00902762
1.04138     2.42964  0.00993753
1.04651     2.49115  0.00765421
1.05164     2.53269  0.00668682
1.05677     2.56676  0.00637599
1.0619     2.58289  0.00727405
1.06702     2.61079  0.00661218
1.07215     2.61262  0.00746323
1.07728     2.59349  0.00588301
1.08241     2.59655  0.00610631
1.08754     2.58151  0.00684938
1.09267     2.56742   0.0061028
1.0978     2.53163  0.00573917
1.10293     2.51297  0.00532651
1.10806     2.46417  0.00609657
1.11319     2.43205  0.00498098
1.11832     2.39794  0.00490203
1.12345     2.35247  0.00647106
1.12858     2.31823  0.00681925
1.13371     2.26599  0.00544991
1.13884     2.21818   0.0075877
1.14397      2.1779  0.00542824
1.1491     2.12264  0.00580638
1.15423     2.06288  0.00538776
1.15936     2.03167  0.00595453
1.16449     1.99209  0.00675033
1.16962     1.94391  0.00482601
1.17475     1.89764  0.00711741
1.17988     1.85481  0.00540607
1.18501     1.80322  0.00414827
1.19014     1.76375  0.00527271
1.19527     1.72764  0.00544682
1.2004     1.68296  0.00580658
1.20553     1.64383  0.00470236
1.21066     1.60215  0.00545156
1.21579     1.55728  0.00510221
1.22092      1.5264  0.00589143
1.22605     1.49571  0.00583085
1.23118     1.45701  0.00550414
1.23631     1.42635   0.0048444
1.24144      1.3995  0.00636376
1.24657     1.35784  0.00413878
1.2517     1.33391  0.00501607
1.25683     1.30547  0.00490532
1.26196     1.27405  0.00625145
1.26709     1.24346  0.00599943
1.27222     1.22632  0.00480304
1.27735     1.19677  0.00431019
1.28248     1.17889   0.0034593
1.28761     1.14681  0.00396465
1.29274     1.13068   0.0057866
1.29787     1.10631  0.00400539
1.303     1.08779  0.00332153
1.30813     1.06828  0.00274588
1.31326     1.03967  0.00392672
1.31839     1.02467    0.003565
1.32352      1.0042  0.00421078
1.32865    0.993718   0.0040698
1.33378    0.977067  0.00351942
1.33891    0.959713  0.00330435
1.34404    0.942664  0.00326282
1.34917    0.930877  0.00313476
1.3543    0.922498  0.00433218
1.35943       0.902  0.00460916
1.36456     0.88553  0.00334579
1.36969    0.873964  0.00299277
1.37482    0.867547  0.00351632
1.37995     0.84648  0.00346771
1.38508    0.842812  0.00291523
1.39021    0.830093  0.00289033
1.39534    0.822152  0.00343226
1.40047    0.811756  0.00263519
1.4056    0.799241  0.00232505
1.41073    0.789897  0.00319816
1.41586    0.783827  0.00299985
1.42099    0.776687  0.00269152
1.42612    0.767551  0.00263518
1.43125    0.767713   0.0039105
1.43638    0.755771  0.00331499
1.44151    0.749733  0.00269223
1.44664    0.743284  0.00281355
1.45177    0.734171  0.00346609
1.4569    0.728806  0.00259948
1.46203    0.729212  0.00221003
1.46716    0.723552  0.00191769
1.47229    0.716316  0.00266055
1.47742    0.705295  0.00221474
1.48255    0.708693  0.00305797
1.48768    0.704713   0.0019586
1.49281    0.703645  0.00228279
1.49794    0.700785  0.00262439
1.50307    0.694008  0.00276561
1.5082    0.692435  0.00263769
1.51333    0.691461  0.00188359
1.51846    0.685699   0.0023635
1.52359    0.688167  0.00239439
1.52872    0.684011  0.00261481
1.53385    0.680171  0.00261463
1.53898    0.679679    0.002253
1.54411    0.681419  0.00207944
1.54924    0.679319  0.00243865
1.55437    0.676848  0.00257899
1.5595    0.680191  0.00288396
1.56463    0.678685  0.00235414
1.56976    0.678715  0.00234711
1.57489    0.678956  0.00216726
1.58002    0.681139  0.00251428
1.58515    0.679479  0.00284723
1.59028    0.684379  0.00210275
1.59541    0.681818  0.00304801
1.60054    0.685256  0.00231533
1.60567    0.683455  0.00262652
1.6108    0.685575  0.00259945
1.61593    0.688678  0.00171166
1.62106    0.694433  0.00185016
1.62619    0.696648  0.00185134
1.63132    0.698916   0.0028188
1.63645    0.701922  0.00267741
1.64158    0.702768  0.00230702
1.64671    0.706256  0.00212632
1.65184    0.710655  0.00233239
1.65697    0.713159  0.00279322
1.6621    0.721427  0.00257491
1.66723    0.725488  0.00334319
1.67236    0.727473  0.00312757
1.67749     0.72982  0.00252876
1.68262     0.73661   0.0023939
1.68775     0.74269  0.00277986
1.69288    0.747301  0.00262977
1.69801    0.750368  0.00246225
1.70314     0.75982  0.00312871
1.70827    0.763655   0.0022006
1.7134    0.773666  0.00310353
1.71853    0.775959  0.00176116
1.72366    0.784802  0.00242442
1.72879    0.789724  0.00270025
1.73392    0.796536    0.002749
1.73905    0.803626  0.00255818
1.74418    0.807517  0.00236947
1.74931    0.814606  0.00222818
1.75444    0.823432  0.00271042
1.75957    0.827564  0.00285665
1.7647    0.836101  0.00314041
1.76983     0.84136  0.00226857
1.77496    0.853703  0.00320791
1.78008    0.856459  0.00211693
1.78521    0.865032   0.0021894
1.79034    0.876477  0.00244079
1.79547    0.883902  0.00296151
1.8006    0.888015  0.00262312
1.80573    0.897467  0.00235781
1.81086    0.910205   0.0034478
1.81599    0.911483  0.00282596
1.82112    0.924404  0.00268273
1.82625    0.934103  0.00333247
1.83138     0.93671  0.00274969
1.83651    0.943733  0.00241587
1.84164    0.956532  0.00199149
1.84677    0.964162  0.00291339
1.8519    0.974186  0.00303995
1.85703    0.983738  0.00242981
1.86216    0.992164  0.00246717
1.86729     1.00225  0.00246948
1.87242     1.00489  0.00239871
1.87755     1.01662  0.00308841
1.88268     1.02073  0.00287164
1.88781     1.02933   0.0029344
1.89294     1.04034  0.00236013
1.89807     1.04685  0.00291839
1.9032     1.05511  0.00261168
1.90833     1.06148  0.00266709
1.91346     1.06841  0.00221518
1.91859     1.07799  0.00293586
1.92372     1.08631  0.00309478
1.92885     1.09052   0.0025587
1.93398     1.10253  0.00262695
1.93911     1.10111   0.0025318
1.94424     1.11802  0.00311627
1.94937     1.11884  0.00204788
1.9545     1.13027   0.0026541
1.95963     1.13718  0.00249161
1.96476     1.13999  0.00202688
1.96989     1.14837  0.00174249
1.97502     1.15358  0.00310041
1.98015     1.15915  0.00286268
1.98528     1.16171  0.00311429
1.99041     1.16849  0.00267699
1.99554     1.17839  0.00247317
2.00067     1.17746  0.00370391
2.0058     1.18392  0.00190077
2.01093     1.18825  0.00287975
2.01606     1.19542  0.00267738
2.02119     1.19341  0.00234961
2.02632     1.19928  0.00228973
2.03145     1.20699  0.00191206
2.03658     1.20721  0.00198235
2.04171     1.20759  0.00228047
2.04684     1.21483  0.00229234
2.05197     1.20959  0.00243013
2.0571     1.21246  0.00251744
2.06223      1.2202  0.00277144
2.06736     1.22197   0.0020873
2.07249     1.22007  0.00225793
2.07762     1.21878  0.00315229
2.08275     1.22212  0.00265682
2.08788     1.21607  0.00229148
2.09301     1.22136  0.00238799
2.09814     1.21958  0.00323596
2.10327     1.21499  0.00270869
2.1084     1.21825  0.00283697
2.11353     1.21617  0.00230488
2.11866     1.20659  0.00229935
2.12379     1.20987  0.00284755
2.12892     1.20758  0.00280869
2.13405     1.19727  0.00169449
2.13918     1.19825  0.00255161
2.14431     1.20055  0.00280731
2.14944     1.19022  0.00243612
2.15457     1.18785   0.0023591
2.1597     1.18611  0.00167432
2.16483     1.18209   0.0029689
2.16996     1.17714  0.00281777
2.17509     1.17287  0.00214269
2.18022      1.1671  0.00229488
2.18535     1.15873  0.00326542
2.19048     1.15601  0.00255835
2.19561     1.15437  0.00298776
2.20074     1.14486  0.00236744
2.20587     1.13684  0.00242775
2.211     1.13488  0.00341595
2.21613     1.12694  0.00278422
2.22126     1.11999  0.00238233
2.22639     1.11839  0.00263686
2.23152     1.10877  0.00235472
2.23665     1.10539  0.00257448
2.24178     1.10105  0.00244693
2.24691     1.09076   0.0023256
2.25204     1.08927  0.00231552
2.25717     1.08166   0.0023738
2.2623     1.07492  0.00230534
2.26743     1.07003  0.00302486
2.27256     1.06556  0.00265847
2.27769     1.05788  0.00232286
2.28282     1.05412  0.00211694
2.28795      1.0455  0.00254445
2.29308     1.03906  0.00211805
2.29821     1.03696  0.00297132
2.30334     1.03186  0.00220184
2.30847      1.0294  0.00216054
2.3136     1.02303   0.0024212
2.31873      1.0165  0.00237877
2.32386     1.01076  0.00242231
2.32899     1.00425  0.00232589
2.33412     1.00149  0.00251142
2.33925    0.995433  0.00272196
2.34438    0.992522  0.00226727
2.34951    0.986093  0.00229671
2.35464    0.982181  0.00177927
2.35977    0.977389    0.001649
2.3649    0.975565  0.00205551
2.37003    0.970733    0.002472
2.37516    0.966356  0.00196194
2.38029    0.963548  0.00152846
2.38542    0.958482  0.00199677
2.39055    0.957001  0.00174222
2.39568    0.952321  0.00258291
2.40081    0.948922  0.00200219
2.40594    0.944023  0.00202623
2.41107     0.94185  0.00193818
2.4162    0.939329  0.00217085
2.42133    0.936545  0.00258729
2.42646    0.933578  0.00225602
2.43159    0.931575  0.00257141
2.43672    0.927222  0.00265042
2.44185    0.927611  0.00148474
2.44698    0.921618   0.0015356
2.45211    0.922995  0.00173377
2.45724    0.917668  0.00219246
2.46237    0.917129  0.00191083
2.4675    0.916863  0.00207924
2.47263    0.915612  0.00174957
2.47776    0.911927  0.00158775
2.48289    0.910898  0.00111594
2.48802    0.912395  0.00113984
2.49314    0.910847  0.00158572
2.49827    0.897848  0.00170582
2.5034    0.894345  0.00169542
2.50853    0.890384  0.00193837
2.51366    0.892165  0.00217087
2.51879     0.89283  0.00154692
2.52392    0.888553  0.00191369
2.52905     0.89161  0.00246648
2.53418    0.890726  0.00153904
2.53931    0.889778  0.00153048
2.54444    0.891558   0.0017852
2.54957    0.890989  0.00165557
2.5547    0.891399  0.00186891
2.55983    0.893106  0.00137833
