           1      1.5435      1.5435           0
           2     1.54335     1.54342 5.41156e-05
           3     1.54289     1.54324 0.000150146
           4     1.54212     1.54296 0.000267651
           5     1.54105     1.54258 0.000403325
           6     1.53968      1.5421 0.000554996
           7       1.538     1.54151 0.000721115
           8     1.53602     1.54083 0.000900504
           9     1.53373     1.54004  0.00109222
          10     1.53114     1.53915  0.00129551
          11     1.52825     1.53816  0.00150967
          12     1.52506     1.53707   0.0017341
          13     1.52157     1.53587  0.00196825
          14     1.51778     1.53458   0.0022116
          15      1.5137     1.53319  0.00246375
          16     1.50932      1.5317   0.0027243
          17     1.50465     1.53011  0.00299293
          18     1.49968     1.52842  0.00326934
          19     1.49442     1.52663  0.00355329
          20     1.48887     1.52474   0.0038446
          21     1.48302     1.52275  0.00414304
          22     1.47689     1.52067  0.00444847
          23     1.47046     1.51848  0.00476071
          24     1.46374      1.5162  0.00507958
          25     1.45672     1.51382  0.00540494
          26     1.44942     1.51135  0.00573663
          27     1.44183     1.50877  0.00607452
          28     1.43395      1.5061  0.00641844
          29     1.42579     1.50333  0.00676826
          30     1.41734     1.50046  0.00712383
          31      1.4086      1.4975  0.00748501
          32     1.39959     1.49444  0.00785164
          33     1.39029     1.49129  0.00822359
          34     1.38072     1.48803  0.00860072
          35     1.37087     1.48469  0.00898285
          36     1.36075     1.48124  0.00936985
          37     1.35036     1.47771  0.00976155
          38      1.3397     1.47407   0.0101578
          39     1.32878     1.47035   0.0105585
          40     1.31759     1.46653   0.0109634
          41     1.30616     1.46262   0.0113724
          42     1.29446     1.45861   0.0117853
          43     1.28252     1.45452    0.012202
          44     1.27034     1.45033   0.0126222
          45     1.25792     1.44606   0.0130459
          46     1.24527     1.44169   0.0134727
          47      1.2324     1.43724   0.0139025
          48      1.2193      1.4327   0.0143351
          49     1.20599     1.42807   0.0147704
          50     1.19247     1.42336    0.015208
          51     1.17876     1.41856   0.0156478
          52     1.16485     1.41369   0.0160896
          53     1.15077     1.40872   0.0165331
          54     1.13651     1.40368   0.0169781
          55     1.12208     1.39856   0.0174243
          56     1.10751     1.39337   0.0178715
          57     1.09279     1.38809   0.0183194
          58     1.07794     1.38275   0.0187679
          59     1.06296     1.37733   0.0192165
          60     1.04788     1.37183    0.019665
          61     1.03269     1.36627   0.0201132
          62     1.01742     1.36065   0.0205608
          63     1.00208     1.35496   0.0210074
          64     0.98668      1.3492   0.0214528
          65    0.971232     1.34339   0.0218967
          66    0.955751     1.33751   0.0223387
          67    0.940251     1.33158   0.0227786
          68    0.924749      1.3256    0.023216
          69    0.909257     1.31957   0.0236507
          70    0.893792     1.31349   0.0240823
          71    0.878368     1.30736   0.0245105
          72    0.863003     1.30119   0.0249349
          73     0.84771     1.29497   0.0253554
          74    0.832508     1.28872   0.0257714
          75    0.817411     1.28244   0.0261827
          76    0.802436     1.27612   0.0265891
          77    0.787598     1.26978   0.0269901
          78    0.772914     1.26341   0.0273855
          79    0.758401     1.25702   0.0277749
          80    0.744072      1.2506   0.0281581
          81    0.729946     1.24418   0.0285347
          82    0.716036     1.23774   0.0289044
          83    0.702358     1.23129   0.0292671
          84    0.688927     1.22483   0.0296223
          85    0.675758     1.21837   0.0299699
          86    0.662864     1.21191   0.0303095
          87    0.650259     1.20545   0.0306409
          88    0.637957     1.19901   0.0309639
          89    0.625969     1.19257   0.0312782
          90    0.614308     1.18614   0.0315837
          91    0.602984     1.17973   0.0318802
          92     0.59201     1.17335   0.0321673
          93    0.581393     1.16698   0.0324451
          94    0.571145     1.16064   0.0327132
          95    0.561271     1.15433   0.0329717
          96    0.551781     1.14806   0.0332203
          97    0.542681     1.14181   0.0334589
          98    0.533977     1.13561   0.0336874
          99    0.525673     1.12945   0.0339059
         100    0.517774     1.12333   0.0341141
         101    0.510284     1.11726   0.0343121
         102    0.503205     1.11124   0.0344998
         103    0.496538     1.10528   0.0346772
         104    0.490284     1.09936   0.0348443
         105    0.484443     1.09351   0.0350011
         106    0.479014     1.08771   0.0351477
         107    0.473996     1.08197   0.0352841
         108    0.469385      1.0763   0.0354104
         109    0.465179      1.0707   0.0355266
         110    0.461374     1.06516   0.0356329
         111    0.457965     1.05969   0.0357293
         112    0.454947     1.05429   0.0358159
         113    0.452314     1.04896    0.035893
         114    0.450059     1.04371   0.0359605
         115    0.448175     1.03853   0.0360188
         116    0.446653     1.03342   0.0360678
         117    0.445487      1.0284   0.0361079
         118    0.444667     1.02345   0.0361392
         119    0.444183     1.01859   0.0361619
         120    0.444027      1.0138   0.0361761
         121    0.444188     1.00909   0.0361821
         122    0.444657     1.00446   0.0361801
         123    0.445422    0.999918   0.0361703
         124    0.446474    0.995455    0.036153
         125    0.447802    0.991074   0.0361282
         126    0.449393    0.986774   0.0360964
         127    0.451238    0.982558   0.0360576
         128    0.453324    0.978423   0.0360122
         129    0.455641     0.97437   0.0359603
         130    0.458176      0.9704   0.0359023
         131    0.460919    0.966511   0.0358382
         132    0.463858    0.962703   0.0357685
         133    0.466982    0.958975   0.0356932
         134     0.47028    0.955328   0.0356127
         135     0.47374    0.951761   0.0355271
         136    0.477351    0.948273   0.0354367
         137    0.481102    0.944863   0.0353417
         138    0.484982     0.94153   0.0352424
         139    0.488982    0.938275   0.0351389
         140    0.493091    0.935095   0.0350315
         141    0.497298     0.93199   0.0349204
         142    0.501593    0.928959   0.0348058
         143    0.505968    0.926001   0.0346878
         144    0.510413    0.923115   0.0345668
         145    0.514917      0.9203   0.0344428
         146    0.519473    0.917554   0.0343162
         147    0.524071    0.914877    0.034187
         148    0.528704    0.912268   0.0340554
         149    0.533362    0.909725   0.0339217
         150     0.53804    0.907247   0.0337859
         151    0.542727    0.904833   0.0336483
         152    0.547419    0.902482    0.033509
         153    0.552107    0.900192   0.0333681
         154    0.556785    0.897962   0.0332259
         155    0.561447    0.895791   0.0330824
         156    0.566087    0.893677   0.0329377
         157    0.570701     0.89162   0.0327921
         158    0.575281    0.889618   0.0326456
         159    0.579822     0.88767   0.0324984
         160    0.584319    0.885774   0.0323505
         161    0.588769    0.883929   0.0322022
         162    0.593167    0.882134   0.0320534
         163    0.597509    0.880388   0.0319042
         164    0.601792    0.878689   0.0317549
         165    0.606011    0.877037   0.0316054
         166    0.610164    0.875429   0.0314559
         167    0.614248    0.873865   0.0313064
         168     0.61826    0.872343    0.031157
         169    0.622198    0.870863   0.0310078
         170     0.62606    0.869423   0.0308588
         171    0.629843    0.868022   0.0307101
         172    0.633547    0.866659   0.0305618
         173    0.637168    0.865332   0.0304139
         174    0.640706    0.864042   0.0302665
         175    0.644159    0.862785   0.0301196
         176    0.647525    0.861562   0.0299733
         177    0.650805    0.860371   0.0298276
         178    0.653998    0.859212   0.0296826
         179    0.657104    0.858083   0.0295382
         180    0.660122    0.856983   0.0293946
         181     0.66305    0.855912   0.0292517
         182    0.665891    0.854867   0.0291096
         183    0.668643     0.85385   0.0289683
         184    0.671308    0.852858   0.0288279
         185    0.673884     0.85189   0.0286883
         186    0.676373    0.850947   0.0285496
         187    0.678774    0.850026   0.0284117
         188    0.681089    0.849127   0.0282748
         189    0.683318     0.84825   0.0281388
         190    0.685462    0.847393   0.0280037
         191    0.687521    0.846556   0.0278696
         192    0.689498    0.845738   0.0277365
         193    0.691393    0.844939   0.0276043
         194    0.693207    0.844156   0.0274731
         195    0.694941    0.843391   0.0273429
         196    0.696595    0.842642   0.0272136
         197    0.698172    0.841909   0.0270853
         198    0.699672    0.841191   0.0269581
         199    0.701097    0.840487   0.0268318
         200    0.702449    0.839796   0.0267065
         201    0.703727    0.839119   0.0265822
         202    0.704934    0.838455   0.0264589
         203     0.70607    0.837803   0.0263366
         204    0.707139    0.837162   0.0262153
         205    0.708142    0.836533    0.026095
         206     0.70908    0.835914   0.0259756
         207    0.709953    0.835306   0.0258573
         208    0.710762    0.834707   0.0257399
         209    0.711509    0.834118   0.0256235
         210    0.712195    0.833537   0.0255081
         211    0.712822    0.832965   0.0253936
         212     0.71339    0.832401   0.0252801
         213    0.713902    0.831845   0.0251675
         214    0.714358    0.831296   0.0250559
         215    0.714761    0.830754   0.0249452
         216    0.715111    0.830218   0.0248355
         217    0.715409    0.829689   0.0247266
         218    0.715657    0.829166   0.0246188
         219    0.715857    0.828649   0.0245118
         220    0.716009    0.828137   0.0244057
         221    0.716115     0.82763   0.0243005
         222    0.716175    0.827128   0.0241963
         223     0.71619     0.82663   0.0240929
         224    0.716162    0.826137   0.0239904
         225     0.71609    0.825648   0.0238887
         226    0.715977    0.825163   0.0237879
         227    0.715823    0.824681    0.023688
         228     0.71563    0.824203    0.023589
         229    0.715398    0.823728   0.0234907
         230    0.715129    0.823255   0.0233933
         231    0.714823    0.822786   0.0232968
         232    0.714481    0.822319    0.023201
         233    0.714104    0.821855   0.0231061
         234    0.713694    0.821393    0.023012
         235     0.71325    0.820932   0.0229187
         236    0.712773    0.820474   0.0228261
         237    0.712264    0.820017   0.0227344
         238    0.711724    0.819562   0.0226434
         239    0.711155    0.819109   0.0225532
         240    0.710555    0.818657   0.0224638
         241    0.709926    0.818205   0.0223751
         242    0.709269    0.817755   0.0222872
         243    0.708583    0.817306      0.0222
         244    0.707872    0.816857   0.0221135
         245    0.707134     0.81641   0.0220278
         246    0.706372    0.815962   0.0219428
         247    0.705584    0.815515   0.0218585
         248    0.704773    0.815069   0.0217749
         249     0.70394    0.814623   0.0216921
         250    0.703084    0.814176   0.0216099
         251    0.702207     0.81373   0.0215284
         252    0.701311    0.813284   0.0214476
         253    0.700395    0.812838   0.0213675
         254    0.699461    0.812392    0.021288
         255     0.69851    0.811945   0.0212092
         256    0.697542    0.811498   0.0211311
         257    0.696558    0.811051   0.0210536
         258    0.695562    0.810603   0.0209767
         259    0.694553    0.810155   0.0209005
         260    0.693531    0.809707   0.0208249
         261    0.692499    0.809258     0.02075
         262    0.691459    0.808808   0.0206757
         263    0.690409    0.808358   0.0206019
         264    0.689351    0.807907   0.0205288
         265    0.688288    0.807456   0.0204563
         266     0.68722    0.807004   0.0203844
         267    0.686148    0.806551   0.0203131
         268    0.685074    0.806098   0.0202424
         269    0.683999    0.805644   0.0201722
         270    0.682925    0.805189   0.0201026
         271    0.681853    0.804734   0.0200336
         272    0.680784    0.804279   0.0199651
         273    0.679721    0.803822   0.0198972
         274    0.678663    0.803365   0.0198298
         275    0.677613    0.802908    0.019763
         276    0.676572     0.80245   0.0196967
         277    0.675542    0.801992   0.0196309
         278    0.674522    0.801534   0.0195656
         279    0.673516    0.801075   0.0195009
         280    0.672523    0.800616   0.0194366
         281    0.671545    0.800156   0.0193729
         282    0.670584    0.799697   0.0193097
         283    0.669641    0.799237   0.0192469
         284    0.668717    0.798778   0.0191846
         285    0.667814    0.798318   0.0191228
         286    0.666933    0.797859   0.0190614
         287    0.666076      0.7974   0.0190006
         288    0.665243    0.796941   0.0189401
         289    0.664437    0.796482   0.0188801
         290    0.663657    0.796024   0.0188206
         291    0.662906    0.795567   0.0187615
         292    0.662186     0.79511   0.0187028
         293    0.661496    0.794654   0.0186445
         294    0.660839    0.794199   0.0185866
         295    0.660214    0.793745   0.0185292
         296    0.659623    0.793292   0.0184721
         297    0.659068     0.79284   0.0184155
         298    0.658549    0.792389   0.0183592
         299    0.658066     0.79194   0.0183033
         300    0.657622    0.791492   0.0182477
         301    0.657215    0.791046   0.0181926
         302    0.656848    0.790602   0.0181377
         303    0.656522    0.790159   0.0180833
         304    0.656237    0.789719   0.0180292
         305    0.655993     0.78928   0.0179754
         306    0.655792    0.788844   0.0179219
         307    0.655634     0.78841   0.0178688
         308    0.655521    0.787979    0.017816
         309    0.655452     0.78755   0.0177635
         310    0.655429    0.787124   0.0177113
         311    0.655453      0.7867   0.0176594
         312    0.655522     0.78628   0.0176078
         313    0.655638    0.785862   0.0175565
         314    0.655804    0.785448   0.0175055
         315    0.656017    0.785037   0.0174547
         316    0.656278     0.78463   0.0174043
         317    0.656589    0.784226    0.017354
         318    0.656951    0.783826   0.0173041
         319    0.657362    0.783429   0.0172544
         320    0.657824    0.783037   0.0172049
         321    0.658337    0.782648   0.0171557
         322      0.6589    0.782264   0.0171067
         323    0.659514    0.781884    0.017058
         324    0.660178    0.781508   0.0170095
         325    0.660895    0.781137   0.0169612
         326    0.661662    0.780771   0.0169131
         327    0.662481    0.780409   0.0168653
         328    0.663352    0.780052   0.0168176
         329    0.664276      0.7797   0.0167702
         330    0.665252    0.779353    0.016723
         331     0.66628    0.779012   0.0166759
         332     0.66736    0.778675   0.0166291
         333    0.668492    0.778344   0.0165824
         334    0.669675    0.778019    0.016536
         335    0.670908    0.777699   0.0164897
         336    0.672191    0.777385   0.0164436
         337    0.673524    0.777077   0.0163977
         338    0.674907    0.776775    0.016352
         339    0.676338    0.776479   0.0163064
         340    0.677815    0.776188   0.0162611
         341    0.679339    0.775904   0.0162159
         342    0.680909    0.775627   0.0161708
         343    0.682524    0.775355    0.016126
         344    0.684183     0.77509   0.0160813
         345    0.685885    0.774832   0.0160367
         346    0.687628     0.77458   0.0159924
         347    0.689412    0.774334   0.0159481
         348    0.691234    0.774095   0.0159041
         349    0.693096    0.773863   0.0158602
         350    0.694995    0.773638   0.0158165
         351    0.696928    0.773419    0.015773
         352    0.698895    0.773208   0.0157296
         353    0.700893    0.773003   0.0156864
         354    0.702922    0.772805   0.0156433
         355     0.70498    0.772614   0.0156004
         356    0.707064     0.77243   0.0155577
         357    0.709173    0.772252   0.0155151
         358    0.711306    0.772082   0.0154727
         359    0.713461    0.771919   0.0154304
         360    0.715636    0.771763   0.0153884
         361    0.717831    0.771613   0.0153465
         362    0.720044    0.771471   0.0153047
         363    0.722272    0.771335   0.0152632
         364    0.724514    0.771207   0.0152218
         365    0.726768    0.771085   0.0151806
         366    0.729034     0.77097   0.0151395
         367    0.731309    0.770862   0.0150987
         368    0.733591    0.770761    0.015058
         369    0.735877    0.770666   0.0150175
         370    0.738167    0.770578   0.0149771
         371    0.740459    0.770497    0.014937
         372    0.742751    0.770422    0.014897
         373    0.745042    0.770354   0.0148572
         374    0.747331    0.770293   0.0148176
         375    0.749615    0.770238   0.0147782
         376    0.751893    0.770189    0.014739
         377    0.754163    0.770146      0.0147
         378    0.756425     0.77011   0.0146611
         379    0.758676     0.77008   0.0146225
         380    0.760916    0.770056    0.014584
         381    0.763142    0.770038   0.0145457
         382    0.765355    0.770025   0.0145077
         383    0.767552    0.770019   0.0144698
         384    0.769734    0.770018   0.0144321
         385    0.771897    0.770023   0.0143946
         386    0.774041    0.770033   0.0143573
         387    0.776165    0.770049   0.0143202
         388    0.778268    0.770071   0.0142834
         389    0.780347    0.770097   0.0142467
         390    0.782402    0.770128   0.0142102
         391     0.78443    0.770165   0.0141739
         392    0.786431    0.770207   0.0141378
         393    0.788404    0.770253   0.0141019
         394    0.790347    0.770304   0.0140662
         395    0.792259    0.770359   0.0140307
         396    0.794139    0.770419   0.0139954
         397    0.795986    0.770484   0.0139603
         398    0.797798    0.770553   0.0139254
         399    0.799575    0.770625   0.0138906
         400    0.801314    0.770702   0.0138561
         401    0.803016    0.770783   0.0138218
         402    0.804677    0.770867   0.0137877
         403    0.806299    0.770955   0.0137538
         404     0.80788    0.771046     0.01372
         405    0.809418    0.771141   0.0136865
         406    0.810913    0.771239   0.0136531
         407    0.812364     0.77134   0.0136199
         408    0.813769    0.771444   0.0135869
         409    0.815128    0.771551   0.0135541
         410     0.81644     0.77166   0.0135215
         411    0.817705    0.771772   0.0134891
         412    0.818922    0.771887   0.0134568
         413    0.820088    0.772003   0.0134248
         414    0.821205    0.772122   0.0133929
         415    0.822272    0.772243   0.0133611
         416    0.823287    0.772366   0.0133296
         417    0.824252     0.77249   0.0132982
         418    0.825165    0.772616    0.013267
         419    0.826026    0.772744   0.0132359
         420    0.826834    0.772873    0.013205
         421     0.82759    0.773002   0.0131743
         422    0.828293    0.773133   0.0131437
         423    0.828943    0.773265   0.0131133
         424    0.829541    0.773398   0.0130831
         425    0.830084    0.773532    0.013053
         426    0.830574    0.773665    0.013023
         427     0.83101      0.7738   0.0129932
         428    0.831393    0.773934   0.0129636
         429    0.831723    0.774069    0.012934
         430    0.832001    0.774204   0.0129047
         431    0.832229    0.774338   0.0128754
         432    0.832406    0.774473   0.0128463
         433    0.832532    0.774607   0.0128174
         434    0.832609    0.774741   0.0127885
         435    0.832637    0.774874   0.0127598
         436    0.832618    0.775006   0.0127312
         437    0.832551    0.775138   0.0127028
         438    0.832439    0.775269   0.0126745
         439    0.832282    0.775398   0.0126462
         440    0.832083    0.775527   0.0126182
         441    0.831841    0.775655   0.0125902
         442    0.831559    0.775781   0.0125623
         443    0.831237    0.775907   0.0125346
         444    0.830878     0.77603    0.012507
         445    0.830481    0.776153   0.0124795
         446    0.830051    0.776274   0.0124521
         447    0.829588    0.776393   0.0124248
         448    0.829093    0.776511   0.0123976
         449    0.828568    0.776626   0.0123706
         450    0.828015    0.776741   0.0123436
         451    0.827435    0.776853   0.0123167
         452    0.826831    0.776964     0.01229
         453    0.826204    0.777072   0.0122633
         454    0.825557    0.777179   0.0122368
         455    0.824889    0.777284   0.0122103
         456    0.824203    0.777387    0.012184
         457    0.823499    0.777488   0.0121578
         458     0.82278    0.777587   0.0121316
         459    0.822046    0.777684   0.0121056
         460    0.821299    0.777778   0.0120796
         461    0.820541    0.777871   0.0120538
         462    0.819773    0.777962    0.012028
         463    0.818997     0.77805   0.0120024
         464    0.818216    0.778137   0.0119768
         465    0.817429    0.778221   0.0119514
         466    0.816637    0.778304    0.011926
         467    0.815843    0.778384   0.0119007
         468    0.815048    0.778463   0.0118756
         469    0.814251    0.778539   0.0118505
         470    0.813453    0.778613   0.0118255
         471    0.812656    0.778686   0.0118006
         472    0.811861    0.778756   0.0117758
         473    0.811069    0.778824   0.0117511
         474     0.81028     0.77889   0.0117265
         475    0.809495    0.778955    0.011702
         476    0.808716    0.779017   0.0116776
         477    0.807943    0.779078   0.0116533
         478    0.807175    0.779137    0.011629
         479    0.806414    0.779194   0.0116049
         480    0.805661    0.779249   0.0115809
         481    0.804915    0.779302   0.0115569
         482    0.804176    0.779354    0.011533
         483    0.803444    0.779404   0.0115093
         484    0.802718    0.779452   0.0114856
         485       0.802    0.779498    0.011462
         486    0.801288    0.779543   0.0114385
         487    0.800585    0.779586   0.0114151
         488     0.79989    0.779628   0.0113918
         489    0.799202    0.779668   0.0113686
         490    0.798523    0.779707   0.0113454
         491    0.797852    0.779744   0.0113224
         492    0.797191    0.779779   0.0112994
         493    0.796537    0.779813   0.0112766
         494    0.795891    0.779846   0.0112538
         495    0.795254    0.779877   0.0112311
         496    0.794626    0.779906   0.0112085
         497    0.794006    0.779935    0.011186
         498    0.793394    0.779962   0.0111635
         499    0.792792    0.779988   0.0111412
         500    0.792198    0.780012   0.0111189
         501    0.791613    0.780035   0.0110968
         502    0.791038    0.780057   0.0110747
         503    0.790472    0.780078   0.0110527
         504    0.789916    0.780097   0.0110308
         505    0.789371    0.780116   0.0110089
         506    0.788836    0.780133   0.0109872
         507    0.788312    0.780149   0.0109655
         508      0.7878    0.780164    0.010944
         509    0.787299    0.780178   0.0109225
         510    0.786812    0.780191   0.0109011
         511    0.786337    0.780203   0.0108797
         512    0.785877    0.780214   0.0108585
         513    0.785433    0.780224   0.0108373
         514    0.785004    0.780234   0.0108163
         515    0.784592    0.780242   0.0107953
         516    0.784199     0.78025   0.0107743
         517    0.783827    0.780257   0.0107535
         518    0.783475    0.780263   0.0107327
         519    0.783146    0.780268   0.0107121
         520     0.78284    0.780273   0.0106915
         521    0.782559    0.780278   0.0106709
         522    0.782305    0.780282   0.0106505
         523    0.782078    0.780285   0.0106301
         524     0.78188    0.780288   0.0106098
         525    0.781713    0.780291   0.0105896
         526     0.78158    0.780293   0.0105695
         527    0.781483    0.780296   0.0105495
         528    0.781421    0.780298   0.0105295
         529    0.781397      0.7803   0.0105096
         530    0.781412    0.780302   0.0104897
         531    0.781467    0.780304     0.01047
         532    0.781564    0.780306   0.0104503
         533    0.781705    0.780309   0.0104307
         534    0.781892    0.780312   0.0104112
         535    0.782126    0.780315   0.0103917
         536    0.782408    0.780319   0.0103723
         537    0.782741    0.780324    0.010353
         538    0.783125    0.780329   0.0103338
         539    0.783562    0.780335   0.0103146
         540    0.784053    0.780342   0.0102955
         541      0.7846     0.78035   0.0102765
         542    0.785204    0.780359   0.0102575
         543    0.785864    0.780369   0.0102386
         544    0.786583     0.78038   0.0102198
         545     0.78736    0.780393   0.0102011
         546    0.788195    0.780407   0.0101824
         547     0.78909    0.780423   0.0101638
         548    0.790042    0.780441   0.0101453
         549    0.791052     0.78046   0.0101268
         550    0.792119    0.780481   0.0101084
         551    0.793244    0.780505   0.0100901
         552    0.794427     0.78053   0.0100718
         553    0.795665    0.780557   0.0100537
         554    0.796958    0.780587   0.0100356
         555    0.798304    0.780619   0.0100175
         556    0.799703    0.780653  0.00999957
         557     0.80115     0.78069  0.00998169
         558    0.802645    0.780729  0.00996387
         559    0.804184    0.780771  0.00994614
         560    0.805766    0.780816  0.00992848
         561    0.807387    0.780863  0.00991089
         562    0.809047    0.780913  0.00989338
         563    0.810741    0.780966  0.00987595
         564    0.812466    0.781022   0.0098586
         565    0.814218    0.781081  0.00984133
         566    0.815995    0.781142  0.00982413
         567    0.817792    0.781207  0.00980702
         568    0.819607    0.781275  0.00978999
         569    0.821433    0.781345  0.00977304
         570    0.823269    0.781419  0.00975617
         571    0.825109    0.781495  0.00973938
         572     0.82695    0.781575  0.00972268
         573    0.828788    0.781657  0.00970606
         574     0.83062    0.781743  0.00968952
         575    0.832439    0.781831  0.00967307
         576    0.834242    0.781922  0.00965671
         577    0.836025    0.782015  0.00964043
         578    0.837782    0.782112  0.00962423
         579    0.839511    0.782211  0.00960812
         580    0.841207    0.782313  0.00959209
         581    0.842866    0.782417  0.00957615
         582    0.844484    0.782524  0.00956029
         583    0.846056    0.782633  0.00954451
         584    0.847578    0.782744  0.00952882
         585    0.849048    0.782857   0.0095132
         586     0.85046    0.782973  0.00949767
         587    0.851811     0.78309  0.00948221
         588      0.8531    0.783209  0.00946683
         589    0.854322     0.78333  0.00945153
         590    0.855475    0.783452   0.0094363
         591    0.856556    0.783576  0.00942114
         592    0.857562    0.783701  0.00940606
         593    0.858493    0.783827  0.00939104
         594    0.859344    0.783954  0.00937609
         595    0.860116    0.784082  0.00936121
         596    0.860805    0.784211  0.00934639
         597    0.861411     0.78434  0.00933163
         598    0.861932     0.78447  0.00931692
         599    0.862368      0.7846  0.00930228
         600    0.862717     0.78473  0.00928768
         601    0.862981     0.78486  0.00927314
         602    0.863158     0.78499  0.00925865
         603    0.863248     0.78512  0.00924421
         604    0.863253    0.785249  0.00922981
         605    0.863173    0.785378  0.00921545
         606    0.863008    0.785506  0.00920113
         607    0.862759    0.785633  0.00918685
         608    0.862428     0.78576  0.00917261
         609    0.862016    0.785885  0.00915841
         610    0.861526    0.786009  0.00914423
         611    0.860958    0.786132  0.00913009
         612    0.860316    0.786253  0.00911597
         613    0.859601    0.786373  0.00910189
         614    0.858816    0.786491  0.00908783
         615    0.857965    0.786607   0.0090738
         616    0.857051    0.786721  0.00905979
         617    0.856076    0.786833   0.0090458
         618    0.855044    0.786944  0.00903184
         619    0.853959    0.787052  0.00901789
         620    0.852825    0.787158  0.00900397
         621    0.851644    0.787262  0.00899007
         622    0.850422    0.787364  0.00897619
         623    0.849163    0.787463  0.00896233
         624    0.847869     0.78756  0.00894849
         625    0.846546    0.787654  0.00893467
         626    0.845198    0.787746  0.00892087
         627    0.843827    0.787835  0.00890709
         628     0.84244    0.787922  0.00889333
         629     0.84104    0.788007   0.0088796
         630    0.839632    0.788089  0.00886588
         631     0.83822    0.788168  0.00885219
         632     0.83681    0.788245  0.00883851
         633    0.835404     0.78832  0.00882486
         634    0.834005    0.788392  0.00881124
         635    0.832619    0.788461  0.00879764
         636    0.831249    0.788529  0.00878406
         637    0.829897    0.788594  0.00877051
         638    0.828569    0.788656  0.00875699
         639    0.827269    0.788717  0.00874349
         640       0.826    0.788775  0.00873003
         641    0.824764    0.788831  0.00871659
         642    0.823564    0.788885  0.00870318
         643    0.822405    0.788937   0.0086898
         644    0.821288    0.788987  0.00867645
         645    0.820217    0.789036  0.00866313
         646    0.819193    0.789083  0.00864985
         647    0.818217    0.789128   0.0086366
         648    0.817293    0.789171  0.00862338
         649    0.816422    0.789213  0.00861019
         650    0.815605    0.789254  0.00859704
         651    0.814845    0.789293  0.00858393
         652    0.814143    0.789331  0.00857085
         653    0.813501    0.789368   0.0085578
         654    0.812918    0.789404  0.00854479
         655    0.812393    0.789439  0.00853182
         656    0.811928    0.789473  0.00851888
         657    0.811523    0.789507  0.00850598
         658    0.811177     0.78954  0.00849312
         659    0.810892    0.789572  0.00848029
         660    0.810665    0.789604   0.0084675
         661    0.810497    0.789636  0.00845475
         662    0.810386    0.789667  0.00844204
         663    0.810332    0.789698  0.00842936
         664    0.810334     0.78973  0.00841673
         665    0.810389    0.789761  0.00840413
         666    0.810497    0.789792  0.00839156
         667    0.810656    0.789823  0.00837904
         668    0.810865    0.789855  0.00836656
         669    0.811123    0.789886  0.00835411
         670    0.811427    0.789918   0.0083417
         671    0.811774    0.789951  0.00832934
         672    0.812163    0.789984  0.00831701
         673    0.812591    0.790018  0.00830472
         674    0.813059    0.790052  0.00829247
         675    0.813563    0.790087  0.00828025
         676    0.814101    0.790122  0.00826808
         677    0.814671    0.790158  0.00825595
         678     0.81527    0.790196  0.00824385
         679    0.815897    0.790233   0.0082318
         680    0.816549    0.790272  0.00821979
         681    0.817222    0.790312  0.00820781
         682    0.817916    0.790352  0.00819588
         683    0.818628    0.790394  0.00818398
         684    0.819355    0.790436  0.00817212
         685    0.820093    0.790479  0.00816031
         686    0.820841    0.790523  0.00814853
         687    0.821597    0.790569   0.0081368
         688     0.82236    0.790615   0.0081251
         689    0.823127    0.790662  0.00811345
         690    0.823895     0.79071  0.00810183
         691    0.824663    0.790759  0.00809026
         692    0.825428    0.790809  0.00807872
         693     0.82619     0.79086  0.00806722
         694    0.826945    0.790912  0.00805577
         695    0.827692    0.790965  0.00804435
         696    0.828429    0.791019  0.00803297
         697    0.829156    0.791074  0.00802163
         698    0.829871     0.79113  0.00801033
         699    0.830572    0.791186  0.00799907
         700    0.831259    0.791243  0.00798785
         701    0.831929    0.791301  0.00797667
         702     0.83258     0.79136  0.00796552
         703    0.833213     0.79142  0.00795441
         704    0.833825     0.79148  0.00794334
         705    0.834417    0.791541  0.00793231
         706    0.834987    0.791602  0.00792131
         707    0.835536    0.791664  0.00791035
         708    0.836063    0.791727  0.00789943
         709    0.836567     0.79179  0.00788854
         710    0.837049    0.791854  0.00787768
         711    0.837509    0.791918  0.00786687
         712    0.837947    0.791983  0.00785608
         713    0.838363    0.792048  0.00784533
         714    0.838758    0.792113  0.00783462
         715    0.839131    0.792179  0.00782394
         716    0.839483    0.792245  0.00781329
         717    0.839814    0.792312  0.00780267
         718    0.840126    0.792378  0.00779209
         719    0.840421    0.792445  0.00778154
         720    0.840699    0.792512  0.00777102
         721     0.84096    0.792579  0.00776053
         722    0.841205    0.792647  0.00775008
         723    0.841436    0.792714  0.00773965
         724    0.841654    0.792782  0.00772926
         725    0.841859    0.792849  0.00771889
         726    0.842053    0.792917  0.00770856
         727    0.842238    0.792985  0.00769825
         728    0.842415    0.793053  0.00768798
         729    0.842586    0.793121  0.00767773
         730    0.842751    0.793189  0.00766751
         731    0.842913    0.793257  0.00765733
         732    0.843072    0.793325  0.00764717
         733    0.843231    0.793393  0.00763704
         734     0.84339    0.793461  0.00762694
         735    0.843552    0.793529  0.00761687
         736    0.843717    0.793597  0.00760682
         737    0.843888    0.793666  0.00759681
         738    0.844063    0.793734  0.00758682
         739    0.844246    0.793802  0.00757686
         740    0.844437    0.793871  0.00756693
         741    0.844637    0.793939  0.00755703
         742    0.844847    0.794008  0.00754716
         743    0.845068    0.794077  0.00753731
         744      0.8453    0.794145   0.0075275
         745    0.845544    0.794214  0.00751771
         746    0.845799    0.794284  0.00750795
         747    0.846067    0.794353  0.00749822
         748    0.846347    0.794422  0.00748852
         749    0.846641    0.794492  0.00747884
         750    0.846949    0.794562   0.0074692
         751    0.847271    0.794632  0.00745958
         752    0.847606    0.794703  0.00744999
         753    0.847953    0.794773  0.00744044
         754    0.848312    0.794844  0.00743091
         755    0.848683    0.794916  0.00742141
         756    0.849066    0.794987  0.00741194
         757    0.849459    0.795059  0.00740249
         758     0.84986    0.795132  0.00739308
         759    0.850271    0.795204   0.0073837
         760    0.850689    0.795277  0.00737434
         761    0.851114    0.795351  0.00736502
         762    0.851545    0.795424  0.00735572
         763    0.851982    0.795498  0.00734645
         764    0.852423    0.795573  0.00733722
         765    0.852866    0.795648  0.00732801
         766    0.853311    0.795723  0.00731883
         767    0.853755    0.795799  0.00730968
         768    0.854198    0.795875  0.00730055
         769    0.854638    0.795951  0.00729146
         770    0.855074    0.796028   0.0072824
         771    0.855505    0.796105  0.00727336
         772    0.855929    0.796183  0.00726435
         773    0.856347    0.796261  0.00725537
         774    0.856757    0.796339  0.00724642
         775    0.857155    0.796417  0.00723749
         776    0.857543    0.796496  0.00722859
         777    0.857919    0.796575  0.00721972
         778    0.858283    0.796654  0.00721088
         779    0.858633    0.796734  0.00720206
         780    0.858968    0.796814  0.00719327
         781    0.859289    0.796894   0.0071845
         782    0.859593    0.796974  0.00717576
         783    0.859879    0.797054  0.00716705
         784    0.860147    0.797135  0.00715836
         785    0.860395    0.797215  0.00714969
         786    0.860623    0.797296  0.00714105
         787    0.860832    0.797377  0.00713243
         788     0.86102    0.797457  0.00712384
         789    0.861187    0.797538  0.00711527
         790    0.861332    0.797619  0.00710672
         791    0.861457      0.7977  0.00709819
         792     0.86156     0.79778  0.00708969
         793    0.861641    0.797861  0.00708121
         794    0.861699    0.797941  0.00707275
         795    0.861737    0.798021   0.0070643
         796    0.861754    0.798101  0.00705588
         797    0.861748    0.798181  0.00704748
         798    0.861721    0.798261   0.0070391
         799    0.861673     0.79834  0.00703074
         800    0.861602    0.798419  0.00702239
         801    0.861511    0.798498  0.00701407
         802    0.861401    0.798577  0.00700576
         803     0.86127    0.798655  0.00699747
         804     0.86112    0.798732   0.0069892
         805    0.860951     0.79881  0.00698095
         806    0.860763    0.798887  0.00697271
         807    0.860555    0.798963  0.00696449
         808    0.860329    0.799039  0.00695628
         809    0.860086    0.799114  0.00694809
         810    0.859827    0.799189  0.00693992
         811    0.859551    0.799264  0.00693176
         812    0.859259    0.799338  0.00692362
         813    0.858951    0.799411  0.00691549
         814    0.858627    0.799484  0.00690738
         815    0.858287    0.799556  0.00689928
         816    0.857934    0.799627  0.00689119
         817    0.857567    0.799698  0.00688312
         818    0.857187    0.799769  0.00687507
         819    0.856794    0.799838  0.00686703
         820    0.856389    0.799907    0.006859
         821    0.855972    0.799975  0.00685098
         822    0.855544    0.800043  0.00684298
         823    0.855105     0.80011  0.00683499
         824    0.854654    0.800176  0.00682702
         825    0.854192    0.800242  0.00681906
         826     0.85372    0.800306  0.00681111
         827    0.853238     0.80037  0.00680317
         828    0.852746    0.800434  0.00679525
         829    0.852245    0.800496  0.00678734
         830    0.851735    0.800558  0.00677945
         831    0.851215    0.800619  0.00677156
         832    0.850685    0.800679  0.00676369
         833    0.850146    0.800738  0.00675583
         834    0.849599    0.800797  0.00674799
         835    0.849044    0.800855  0.00674015
         836     0.84848    0.800912  0.00673233
         837    0.847906    0.800968  0.00672452
         838    0.847322    0.801023  0.00671672
         839    0.846729    0.801078  0.00670894
         840    0.846127    0.801131  0.00670117
         841    0.845514    0.801184  0.00669341
         842    0.844893    0.801236  0.00668566
         843    0.844262    0.801287  0.00667792
         844    0.843621    0.801337   0.0066702
         845     0.84297    0.801386  0.00666249
         846    0.842309    0.801435  0.00665479
         847    0.841636    0.801482   0.0066471
         848    0.840953    0.801529  0.00663942
         849     0.84026    0.801574  0.00663176
         850    0.839555    0.801619  0.00662411
         851    0.838838    0.801663  0.00661647
         852    0.838111    0.801706  0.00660884
         853    0.837371    0.801747  0.00660123
         854    0.836619    0.801788  0.00659362
         855    0.835854    0.801828  0.00658603
         856    0.835077    0.801867  0.00657845
         857    0.834287    0.801905  0.00657088
         858    0.833484    0.801942  0.00656333
         859    0.832668    0.801977  0.00655579
         860    0.831839    0.802012  0.00654825
         861    0.830996    0.802046  0.00654074
         862     0.83014    0.802078  0.00653323
         863    0.829269     0.80211  0.00652573
         864    0.828386     0.80214  0.00651825
         865    0.827489     0.80217  0.00651078
         866    0.826578    0.802198  0.00650333
         867    0.825653    0.802225  0.00649588
         868    0.824715    0.802251  0.00648845
         869    0.823763    0.802275  0.00648103
         870    0.822798    0.802299  0.00647362
         871     0.82182    0.802322  0.00646623
         872    0.820828    0.802343  0.00645885
         873    0.819823    0.802363  0.00645148
         874    0.818806    0.802382  0.00644413
         875    0.817776    0.802399  0.00643679
         876    0.816733    0.802416  0.00642946
         877    0.815677    0.802431  0.00642215
         878    0.814609    0.802445  0.00641485
         879    0.813529    0.802457  0.00640756
         880    0.812437    0.802468  0.00640029
         881    0.811333    0.802479  0.00639303
         882    0.810218    0.802487  0.00638579
         883    0.809092    0.802495  0.00637856
         884    0.807957    0.802501  0.00637135
         885    0.806812    0.802506  0.00636415
         886    0.805659    0.802509  0.00635697
         887    0.804497    0.802512   0.0063498
         888    0.803328    0.802513  0.00634265
         889    0.802151    0.802512  0.00633552
         890    0.800968     0.80251   0.0063284
         891    0.799778    0.802507   0.0063213
         892    0.798582    0.802503  0.00631421
         893    0.797379    0.802497  0.00630715
         894     0.79617     0.80249  0.00630009
         895    0.794957    0.802482  0.00629306
         896     0.79374    0.802472  0.00628604
         897    0.792519    0.802461  0.00627905
         898    0.791295    0.802448  0.00627207
         899    0.790069    0.802435  0.00626511
         900    0.788841     0.80242  0.00625816
         901    0.787611    0.802403  0.00625124
         902    0.786381    0.802385  0.00624433
         903    0.785151    0.802366  0.00623745
         904    0.783921    0.802346  0.00623058
         905    0.782694    0.802324  0.00622373
         906    0.781469    0.802301  0.00621691
         907    0.780246    0.802277   0.0062101
         908    0.779025    0.802251  0.00620331
         909    0.777809    0.802224  0.00619655
         910    0.776596    0.802196   0.0061898
         911    0.775387    0.802167  0.00618308
         912    0.774184    0.802136  0.00617637
         913    0.772987    0.802104  0.00616969
         914    0.771796    0.802071  0.00616303
         915    0.770613    0.802037  0.00615639
         916    0.769436    0.802001  0.00614977
         917    0.768266    0.801964  0.00614318
         918    0.767103    0.801926   0.0061366
         919    0.765949    0.801887  0.00613005
         920    0.764803    0.801847  0.00612352
         921    0.763667    0.801805  0.00611701
         922    0.762538    0.801763  0.00611052
         923    0.761419    0.801719  0.00610406
         924     0.76031    0.801674  0.00609762
         925     0.75921    0.801628   0.0060912
         926     0.75812    0.801581   0.0060848
         927    0.757041    0.801533  0.00607843
         928    0.755972    0.801484  0.00607208
         929    0.754914    0.801434  0.00606575
         930    0.753867    0.801383  0.00605944
         931    0.752831    0.801331  0.00605316
         932    0.751807    0.801278  0.00604689
         933    0.750795    0.801223  0.00604066
         934    0.749793    0.801168  0.00603444
         935    0.748802    0.801112  0.00602825
         936    0.747822    0.801055  0.00602207
         937    0.746852    0.800998  0.00601592
         938    0.745892    0.800939   0.0060098
         939    0.744943    0.800879  0.00600369
         940    0.744004    0.800819  0.00599761
         941    0.743076    0.800757  0.00599155
         942    0.742159    0.800695  0.00598551
         943    0.741252    0.800632   0.0059795
         944    0.740357    0.800568  0.00597351
         945    0.739474    0.800504  0.00596753
         946    0.738602    0.800438  0.00596158
         947    0.737741    0.800372  0.00595566
         948    0.736892    0.800305  0.00594975
         949    0.736054    0.800237  0.00594387
         950    0.735228    0.800169    0.005938
         951    0.734414      0.8001  0.00593216
         952    0.733613     0.80003  0.00592634
         953    0.732824    0.799959  0.00592054
         954    0.732049    0.799888  0.00591477
         955    0.731287    0.799816  0.00590901
         956    0.730537    0.799744  0.00590327
         957    0.729802    0.799671  0.00589756
         958    0.729081    0.799597  0.00589186
         959    0.728375    0.799523  0.00588618
         960    0.727684    0.799448  0.00588053
         961    0.727006    0.799373  0.00587489
         962    0.726343    0.799297  0.00586928
         963    0.725695     0.79922  0.00586368
         964    0.725062    0.799143   0.0058581
         965    0.724445    0.799066  0.00585254
         966    0.723843    0.798988    0.005847
         967    0.723259     0.79891  0.00584148
         968    0.722692    0.798831  0.00583597
         969     0.72214    0.798752  0.00583049
         970    0.721604    0.798672  0.00582502
         971    0.721084    0.798592  0.00581957
         972    0.720579    0.798512  0.00581414
         973     0.72009    0.798432  0.00580872
         974    0.719616    0.798351  0.00580332
         975    0.719158    0.798269  0.00579793
         976    0.718714    0.798188  0.00579257
         977    0.718286    0.798106  0.00578722
         978    0.717872    0.798024  0.00578188
         979    0.717473    0.797942  0.00577656
         980    0.717087    0.797859  0.00577125
         981    0.716716    0.797777  0.00576596
         982    0.716358    0.797694  0.00576069
         983    0.716014    0.797611  0.00575543
         984    0.715683    0.797527  0.00575018
         985    0.715363    0.797444  0.00574495
         986    0.715055     0.79736  0.00573973
         987    0.714758    0.797277  0.00573452
         988    0.714472    0.797193  0.00572933
         989    0.714197    0.797109  0.00572415
         990     0.71393    0.797025  0.00571899
         991    0.713672    0.796941  0.00571383
         992    0.713421    0.796857   0.0057087
         993    0.713177    0.796772  0.00570357
         994     0.71294    0.796688  0.00569845
         995    0.712709    0.796604  0.00569335
         996    0.712484    0.796519  0.00568826
         997    0.712264    0.796435  0.00568318
         998     0.71205     0.79635  0.00567812
         999    0.711841    0.796266  0.00567306
        1000    0.711636    0.796181  0.00566802
        1001    0.711435    0.796096  0.00566299
        1002    0.711239    0.796012  0.00565797
        1003    0.711047    0.795927  0.00565297
        1004     0.71086    0.795842  0.00564797
        1005    0.710676    0.795757  0.00564299
        1006    0.710497    0.795673  0.00563801
        1007    0.710322    0.795588  0.00563305
        1008    0.710151    0.795503   0.0056281
        1009    0.709986    0.795418  0.00562316
        1010    0.709826    0.795334  0.00561823
        1011    0.709671    0.795249  0.00561332
        1012    0.709523    0.795164  0.00560841
        1013    0.709382    0.795079  0.00560351
        1014    0.709249    0.794995  0.00559862
        1015    0.709125     0.79491  0.00559375
        1016     0.70901    0.794826  0.00558888
        1017    0.708906    0.794741  0.00558402
        1018    0.708813    0.794657  0.00557918
        1019    0.708733    0.794572  0.00557434
        1020    0.708667    0.794488  0.00556951
        1021    0.708617    0.794404  0.00556469
        1022    0.708583     0.79432  0.00555988
        1023    0.708566    0.794236  0.00555507
        1024    0.708569    0.794153  0.00555028
        1025     0.70859    0.794069  0.00554549
        1026    0.708633    0.793986  0.00554071
        1027    0.708698    0.793903  0.00553594
        1028    0.708785     0.79382  0.00553117
        1029    0.708896    0.793738  0.00552641
        1030    0.709031    0.793655  0.00552166
        1031    0.709193    0.793573  0.00551691
        1032    0.709381    0.793492  0.00551217
        1033    0.709598    0.793411  0.00550743
        1034    0.709843     0.79333   0.0055027
        1035    0.710117    0.793249  0.00549797
        1036    0.710422    0.793169  0.00549324
        1037    0.710757     0.79309  0.00548852
        1038    0.711124    0.793011   0.0054838
        1039    0.711522    0.792933  0.00547909
        1040    0.711952    0.792855  0.00547437
        1041    0.712413    0.792777  0.00546966
        1042    0.712907    0.792701  0.00546494
        1043    0.713432    0.792625  0.00546023
        1044    0.713989    0.792549  0.00545552
        1045    0.714577    0.792475  0.00545081
        1046    0.715196    0.792401   0.0054461
        1047    0.715845    0.792328  0.00544139
        1048    0.716524    0.792256  0.00543668
        1049     0.71723    0.792184  0.00543197
        1050    0.717965    0.792113  0.00542725
        1051    0.718727    0.792043  0.00542254
        1052    0.719514    0.791975  0.00541782
        1053    0.720326    0.791906  0.00541311
        1054    0.721161    0.791839  0.00540839
        1055    0.722019    0.791773  0.00540366
        1056    0.722898    0.791708  0.00539894
        1057    0.723798    0.791644  0.00539421
        1058    0.724718     0.79158  0.00538949
        1059    0.725655    0.791518  0.00538476
        1060    0.726608    0.791457  0.00538003
        1061    0.727575    0.791397  0.00537529
        1062    0.728557    0.791338  0.00537056
        1063     0.72955    0.791279  0.00536582
        1064    0.730553    0.791222  0.00536108
        1065    0.731566    0.791166  0.00535634
        1066    0.732587    0.791111  0.00535159
        1067    0.733614    0.791058  0.00534685
        1068    0.734645    0.791005   0.0053421
        1069     0.73568    0.790953  0.00533736
        1070    0.736718    0.790902  0.00533261
        1071    0.737756    0.790853  0.00532786
        1072    0.738793    0.790804  0.00532311
        1073    0.739829    0.790757  0.00531836
        1074    0.740862     0.79071  0.00531362
        1075     0.74189    0.790665  0.00530887
        1076    0.742912     0.79062  0.00530412
        1077    0.743928    0.790577  0.00529937
        1078    0.744935    0.790535  0.00529462
        1079    0.745933    0.790493  0.00528988
        1080    0.746921    0.790453  0.00528513
        1081    0.747898    0.790414  0.00528039
        1082    0.748862    0.790375  0.00527565
        1083    0.749814    0.790338  0.00527091
        1084    0.750751    0.790301  0.00526618
        1085    0.751673    0.790266  0.00526144
        1086    0.752581    0.790231  0.00525671
        1087    0.753473    0.790197  0.00525199
        1088    0.754348    0.790164  0.00524726
        1089    0.755207    0.790132  0.00524254
        1090    0.756049    0.790101  0.00523783
        1091    0.756873     0.79007  0.00523311
        1092    0.757681    0.790041  0.00522841
        1093    0.758473    0.790012   0.0052237
        1094    0.759248    0.789984    0.005219
        1095    0.760005    0.789956  0.00521431
        1096    0.760746     0.78993  0.00520962
        1097     0.76147    0.789904  0.00520493
        1098    0.762179    0.789878  0.00520025
        1099    0.762872    0.789854  0.00519558
        1100    0.763548     0.78983  0.00519091
        1101     0.76421    0.789807  0.00518625
        1102    0.764857    0.789784  0.00518159
        1103     0.76549    0.789762  0.00517694
        1104    0.766111    0.789741   0.0051723
        1105    0.766719     0.78972  0.00516766
        1106    0.767318      0.7897  0.00516303
        1107    0.767907     0.78968   0.0051584
        1108    0.768489    0.789661  0.00515378
        1109    0.769065    0.789642  0.00514917
        1110    0.769636    0.789624  0.00514456
        1111    0.770204    0.789607  0.00513996
        1112    0.770769     0.78959  0.00513536
        1113    0.771333    0.789573  0.00513078
        1114    0.771898    0.789557  0.00512619
        1115    0.772464    0.789542  0.00512162
        1116    0.773034    0.789527  0.00511705
        1117     0.77361    0.789513  0.00511249
        1118    0.774194    0.789499  0.00510794
        1119    0.774787    0.789486  0.00510339
        1120    0.775392    0.789474  0.00509885
        1121    0.776009    0.789462  0.00509431
        1122    0.776642     0.78945  0.00508979
        1123    0.777292    0.789439  0.00508526
        1124    0.777962    0.789429  0.00508075
        1125    0.778652     0.78942  0.00507624
        1126    0.779365    0.789411  0.00507174
        1127    0.780101    0.789402  0.00506725
        1128    0.780864    0.789395  0.00506276
        1129    0.781654    0.789388  0.00505828
        1130    0.782474    0.789382  0.00505381
        1131    0.783324    0.789376  0.00504934
        1132    0.784206    0.789372  0.00504489
        1133     0.78512    0.789368  0.00504044
        1134    0.786069    0.789365  0.00503599
        1135    0.787053    0.789363  0.00503155
        1136    0.788075    0.789362  0.00502713
        1137    0.789135    0.789362   0.0050227
        1138    0.790232    0.789363  0.00501829
        1139    0.791366    0.789364  0.00501388
        1140     0.79254    0.789367  0.00500949
        1141    0.793752    0.789371   0.0050051
        1142    0.795002    0.789376  0.00500072
        1143     0.79629    0.789382  0.00499635
        1144    0.797614    0.789389  0.00499198
        1145    0.798974    0.789398  0.00498763
        1146    0.800369    0.789407  0.00498329
        1147    0.801799    0.789418  0.00497896
        1148     0.80326     0.78943  0.00497463
        1149    0.804753    0.789443  0.00497032
        1150    0.806276    0.789458  0.00496602
        1151    0.807826    0.789474  0.00496173
        1152    0.809402    0.789491  0.00495746
        1153    0.811002     0.78951  0.00495319
        1154    0.812624     0.78953  0.00494894
        1155    0.814266    0.789551   0.0049447
        1156    0.815926    0.789574  0.00494048
        1157    0.817601    0.789598  0.00493627
        1158    0.819287    0.789624  0.00493207
        1159    0.820981    0.789651  0.00492789
        1160     0.82268     0.78968  0.00492372
        1161    0.824381    0.789709  0.00491957
        1162     0.82608    0.789741  0.00491544
        1163    0.827775    0.789773  0.00491132
        1164    0.829462    0.789808  0.00490722
        1165    0.831139    0.789843  0.00490313
        1166    0.832801     0.78988  0.00489907
        1167    0.834447    0.789918  0.00489502
        1168    0.836074    0.789958  0.00489099
        1169    0.837676    0.789998  0.00488697
        1170    0.839252     0.79004  0.00488298
        1171    0.840798    0.790084    0.004879
        1172    0.842311    0.790128  0.00487504
        1173    0.843788    0.790174   0.0048711
        1174    0.845227    0.790221  0.00486718
        1175    0.846624    0.790269  0.00486327
        1176    0.847978    0.790318  0.00485938
        1177    0.849284    0.790368  0.00485551
        1178    0.850541    0.790419  0.00485166
        1179    0.851748    0.790471  0.00484782
        1180    0.852903    0.790524    0.004844
        1181    0.854001    0.790578   0.0048402
        1182    0.855041    0.790632  0.00483641
        1183    0.856021    0.790688  0.00483264
        1184    0.856941    0.790744  0.00482888
        1185    0.857798      0.7908  0.00482514
        1186    0.858591    0.790857  0.00482141
        1187    0.859318    0.790915  0.00481769
        1188     0.85998    0.790973  0.00481399
        1189    0.860574    0.791032  0.00481029
        1190    0.861101    0.791091  0.00480661
        1191     0.86156     0.79115  0.00480294
        1192    0.861949    0.791209  0.00479928
        1193     0.86227    0.791269  0.00479563
        1194    0.862521    0.791328  0.00479198
        1195    0.862705    0.791388  0.00478834
        1196     0.86282    0.791448  0.00478471
        1197    0.862866    0.791508  0.00478109
        1198    0.862843    0.791567  0.00477747
        1199    0.862752    0.791627  0.00477385
        1200    0.862594    0.791686  0.00477024
        1201     0.86237    0.791745  0.00476663
        1202    0.862081    0.791803  0.00476302
        1203    0.861728    0.791861  0.00475942
        1204    0.861314    0.791919  0.00475582
        1205    0.860839    0.791976  0.00475221
        1206    0.860304    0.792033  0.00474861
        1207    0.859711    0.792089  0.00474501
        1208    0.859062    0.792144   0.0047414
        1209    0.858359    0.792199   0.0047378
        1210    0.857601    0.792253  0.00473419
        1211    0.856793    0.792306  0.00473058
        1212    0.855935    0.792359  0.00472697
        1213     0.85503     0.79241  0.00472335
        1214     0.85408    0.792461  0.00471974
        1215    0.853086    0.792511  0.00471612
        1216    0.852053     0.79256  0.00471249
        1217    0.850981    0.792608  0.00470886
        1218    0.849873    0.792655  0.00470523
        1219     0.84873    0.792701   0.0047016
        1220    0.847555    0.792746  0.00469796
        1221     0.84635     0.79279  0.00469432
        1222    0.845117    0.792833  0.00469067
        1223    0.843858    0.792875  0.00468702
        1224    0.842575    0.792915  0.00468337
        1225     0.84127    0.792955  0.00467971
        1226    0.839945    0.792993  0.00467605
        1227    0.838603     0.79303  0.00467239
        1228    0.837245    0.793066  0.00466872
        1229    0.835874    0.793101  0.00466505
        1230    0.834491    0.793135  0.00466138
        1231    0.833098    0.793167  0.00465771
        1232    0.831697    0.793198  0.00465403
        1233    0.830291    0.793228  0.00465035
        1234    0.828882    0.793257  0.00464668
        1235    0.827471    0.793285    0.004643
        1236     0.82606    0.793312  0.00463931
        1237     0.82465    0.793337  0.00463563
        1238    0.823244    0.793361  0.00463195
        1239    0.821843    0.793384  0.00462827
        1240    0.820449    0.793406  0.00462459
        1241    0.819063    0.793427  0.00462091
        1242    0.817687    0.793446  0.00461723
        1243    0.816322    0.793464  0.00461355
        1244    0.814968    0.793482  0.00460988
        1245    0.813628    0.793498   0.0046062
        1246    0.812302    0.793513  0.00460253
        1247    0.810994    0.793527  0.00459886
        1248    0.809703     0.79354  0.00459519
        1249    0.808432    0.793552  0.00459153
        1250    0.807182    0.793563  0.00458787
        1251    0.805956    0.793573  0.00458421
        1252    0.804753    0.793582  0.00458056
        1253    0.803577     0.79359  0.00457691
        1254    0.802429    0.793597  0.00457327
        1255     0.80131    0.793603  0.00456963
        1256    0.800222    0.793608  0.00456599
        1257    0.799168    0.793613  0.00456236
        1258    0.798148    0.793616  0.00455874
        1259    0.797164    0.793619  0.00455512
        1260    0.796219    0.793621   0.0045515
        1261    0.795314    0.793622  0.00454789
        1262     0.79445    0.793623  0.00454429
        1263    0.793629    0.793623  0.00454069
        1264    0.792853    0.793622   0.0045371
        1265    0.792124    0.793621  0.00453351
        1266    0.791444     0.79362  0.00452993
        1267    0.790814    0.793617  0.00452636
        1268    0.790237    0.793615  0.00452279
        1269    0.789714    0.793612  0.00451922
        1270    0.789248    0.793608  0.00451567
        1271    0.788842    0.793604  0.00451212
        1272    0.788496      0.7936  0.00450857
        1273    0.788212    0.793596  0.00450503
        1274    0.787992    0.793592   0.0045015
        1275    0.787835    0.793587  0.00449797
        1276    0.787745    0.793583  0.00449445
        1277    0.787722    0.793578  0.00449093
        1278    0.787768    0.793574  0.00448742
        1279    0.787884    0.793569  0.00448391
        1280    0.788071    0.793565  0.00448041
        1281    0.788331    0.793561  0.00447691
        1282    0.788664    0.793557  0.00447342
        1283     0.78907    0.793553  0.00446994
        1284    0.789548     0.79355  0.00446646
        1285    0.790101    0.793548  0.00446298
        1286    0.790727    0.793545  0.00445951
        1287    0.791427    0.793544  0.00445605
        1288    0.792201    0.793543  0.00445259
        1289    0.793049    0.793542  0.00444913
        1290    0.793969    0.793543  0.00444568
        1291    0.794961    0.793544  0.00444224
        1292    0.796024    0.793546   0.0044388
        1293    0.797158    0.793548  0.00443537
        1294    0.798363    0.793552  0.00443195
        1295    0.799636    0.793557  0.00442853
        1296    0.800976    0.793563  0.00442511
        1297    0.802382    0.793569  0.00442171
        1298    0.803851    0.793577  0.00441831
        1299    0.805382    0.793586  0.00441491
        1300    0.806973    0.793597  0.00441153
        1301    0.808622    0.793608  0.00440815
        1302    0.810326    0.793621  0.00440479
        1303    0.812084    0.793635  0.00440143
        1304    0.813891    0.793651  0.00439808
        1305    0.815746    0.793668  0.00439474
        1306    0.817645    0.793686  0.00439142
        1307    0.819586    0.793706   0.0043881
        1308    0.821567    0.793727   0.0043848
        1309    0.823584     0.79375  0.00438151
        1310    0.825635    0.793774  0.00437823
        1311    0.827717      0.7938  0.00437497
        1312    0.829827    0.793828  0.00437172
        1313    0.831958    0.793857  0.00436849
        1314    0.834109    0.793887  0.00436527
        1315    0.836276     0.79392  0.00436207
        1316    0.838455    0.793953  0.00435889
        1317    0.840643    0.793989  0.00435572
        1318    0.842836    0.794026  0.00435257
        1319     0.84503    0.794065  0.00434945
        1320    0.847222    0.794105  0.00434634
        1321    0.849408    0.794147  0.00434325
        1322    0.851585     0.79419  0.00434018
        1323    0.853747    0.794235  0.00433713
        1324    0.855893    0.794282  0.00433411
        1325    0.858018     0.79433   0.0043311
        1326    0.860119     0.79438  0.00432812
        1327    0.862191    0.794431  0.00432516
        1328    0.864233    0.794483  0.00432222
        1329    0.866239    0.794537  0.00431931
        1330    0.868207    0.794593  0.00431642
        1331    0.870133    0.794649  0.00431355
        1332    0.872016    0.794707   0.0043107
        1333    0.873851    0.794767  0.00430787
        1334    0.875634    0.794827  0.00430507
        1335    0.877363    0.794889  0.00430229
        1336    0.879035    0.794952  0.00429953
        1337    0.880647    0.795016  0.00429679
        1338    0.882197    0.795081  0.00429408
        1339    0.883683    0.795148  0.00429138
        1340    0.885103    0.795215   0.0042887
        1341    0.886455    0.795283  0.00428604
        1342    0.887736    0.795352   0.0042834
        1343    0.888943    0.795421  0.00428078
        1344    0.890073    0.795492  0.00427817
        1345    0.891126    0.795563  0.00427558
        1346    0.892101    0.795635  0.00427301
        1347    0.892996    0.795707  0.00427045
        1348    0.893809     0.79578   0.0042679
        1349    0.894538    0.795853  0.00426536
        1350    0.895183    0.795926  0.00426284
        1351    0.895743       0.796  0.00426032
        1352    0.896217    0.796074  0.00425782
        1353    0.896604    0.796149  0.00425532
        1354    0.896904    0.796223  0.00425283
        1355    0.897118    0.796298  0.00425034
        1356    0.897244    0.796372  0.00424786
        1357    0.897284    0.796446  0.00424538
        1358    0.897237    0.796521   0.0042429
        1359    0.897104    0.796595  0.00424042
        1360    0.896886    0.796668  0.00423795
        1361    0.896582    0.796742  0.00423547
        1362    0.896195    0.796815  0.00423299
        1363    0.895724    0.796887   0.0042305
        1364    0.895174    0.796959  0.00422802
        1365    0.894545    0.797031  0.00422552
        1366    0.893838    0.797102  0.00422302
        1367    0.893056    0.797172  0.00422052
        1368    0.892201    0.797242  0.00421801
        1369    0.891275     0.79731  0.00421548
        1370     0.89028    0.797378  0.00421295
        1371    0.889217    0.797445  0.00421041
        1372    0.888091    0.797511  0.00420786
        1373    0.886903    0.797576   0.0042053
        1374    0.885657     0.79764  0.00420273
        1375    0.884356    0.797703  0.00420015
        1376    0.883003    0.797765  0.00419755
        1377      0.8816    0.797826  0.00419494
        1378    0.880152    0.797886  0.00419232
        1379    0.878662    0.797945  0.00418969
        1380    0.877132    0.798002  0.00418705
        1381    0.875567    0.798058   0.0041844
        1382    0.873968    0.798113  0.00418173
        1383    0.872341    0.798167  0.00417905
        1384    0.870688    0.798219  0.00417636
        1385    0.869013     0.79827  0.00417366
        1386    0.867319     0.79832  0.00417094
        1387    0.865609    0.798369  0.00416822
        1388    0.863887    0.798416  0.00416548
        1389    0.862158    0.798462  0.00416273
        1390    0.860422    0.798506  0.00415998
        1391    0.858684     0.79855  0.00415721
        1392    0.856946    0.798591  0.00415444
        1393    0.855211    0.798632  0.00415165
        1394    0.853482    0.798671  0.00414886
        1395    0.851762     0.79871  0.00414606
        1396    0.850053    0.798746  0.00414326
        1397    0.848358    0.798782  0.00414044
        1398    0.846679    0.798816  0.00413762
        1399    0.845019    0.798849   0.0041348
        1400    0.843379    0.798881  0.00413197
        1401    0.841762    0.798912  0.00412913
        1402    0.840169    0.798941  0.00412629
        1403    0.838601    0.798969  0.00412345
        1404    0.837061    0.798996   0.0041206
        1405     0.83555    0.799022  0.00411775
        1406    0.834069    0.799047  0.00411489
        1407    0.832617    0.799071  0.00411204
        1408    0.831197    0.799094  0.00410918
        1409    0.829807    0.799116  0.00410632
        1410    0.828449    0.799137  0.00410346
        1411    0.827123    0.799156   0.0041006
        1412     0.82583    0.799175  0.00409774
        1413    0.824571    0.799193  0.00409488
        1414    0.823345     0.79921  0.00409202
        1415    0.822151    0.799227  0.00408916
        1416     0.82099    0.799242   0.0040863
        1417    0.819861    0.799256  0.00408344
        1418    0.818763     0.79927  0.00408059
        1419    0.817697    0.799283  0.00407773
        1420    0.816661    0.799295  0.00407488
        1421    0.815656    0.799307  0.00407203
        1422    0.814682    0.799318  0.00406918
        1423    0.813737    0.799328  0.00406633
        1424    0.812822    0.799337  0.00406349
        1425    0.811937    0.799346  0.00406065
        1426    0.811081    0.799354  0.00405781
        1427    0.810252    0.799362  0.00405497
        1428    0.809452    0.799369  0.00405214
        1429    0.808679    0.799376  0.00404931
        1430    0.807933    0.799382  0.00404648
        1431    0.807213    0.799387  0.00404365
        1432    0.806518    0.799392  0.00404083
        1433    0.805848    0.799397  0.00403802
        1434    0.805203    0.799401   0.0040352
        1435    0.804583    0.799404  0.00403239
        1436    0.803986    0.799407  0.00402959
        1437    0.803413     0.79941  0.00402678
        1438    0.802863    0.799413  0.00402398
        1439    0.802336    0.799415  0.00402119
        1440    0.801831    0.799416  0.00401839
        1441    0.801347    0.799418  0.00401561
        1442    0.800885    0.799419  0.00401282
        1443    0.800444    0.799419  0.00401004
        1444    0.800025     0.79942  0.00400726
        1445    0.799627     0.79942  0.00400449
        1446    0.799251     0.79942  0.00400172
        1447    0.798896     0.79942  0.00399896
        1448    0.798563    0.799419  0.00399619
        1449    0.798251    0.799418  0.00399344
        1450     0.79796    0.799417  0.00399068
        1451    0.797689    0.799416  0.00398793
        1452    0.797437    0.799415  0.00398519
        1453    0.797204    0.799413  0.00398244
        1454    0.796991    0.799411  0.00397971
        1455    0.796797     0.79941  0.00397697
        1456    0.796623    0.799408  0.00397424
        1457    0.796468    0.799406  0.00397151
        1458    0.796331    0.799404  0.00396879
        1459    0.796212    0.799401  0.00396607
        1460    0.796112    0.799399  0.00396335
        1461    0.796029    0.799397  0.00396064
        1462    0.795964    0.799394  0.00395793
        1463    0.795917    0.799392  0.00395523
        1464    0.795887     0.79939  0.00395253
        1465    0.795874    0.799387  0.00394983
        1466    0.795875    0.799385  0.00394714
        1467    0.795892    0.799382  0.00394445
        1468    0.795923     0.79938  0.00394176
        1469     0.79597    0.799378  0.00393908
        1470     0.79603    0.799376   0.0039364
        1471    0.796103    0.799373  0.00393372
        1472    0.796188    0.799371  0.00393105
        1473    0.796284    0.799369  0.00392838
        1474    0.796392    0.799367  0.00392572
        1475    0.796509    0.799365  0.00392306
        1476    0.796636    0.799363   0.0039204
        1477     0.79677    0.799361  0.00391775
        1478    0.796913     0.79936   0.0039151
        1479    0.797061    0.799358  0.00391245
        1480    0.797215    0.799357  0.00390981
        1481    0.797375    0.799355  0.00390717
        1482    0.797538    0.799354  0.00390453
        1483    0.797705    0.799353   0.0039019
        1484    0.797874    0.799352  0.00389927
        1485    0.798044    0.799351  0.00389664
        1486    0.798213    0.799351  0.00389402
        1487    0.798381     0.79935   0.0038914
        1488    0.798548    0.799349  0.00388879
        1489    0.798711    0.799349  0.00388617
        1490     0.79887    0.799349  0.00388357
        1491    0.799022    0.799348  0.00388096
        1492    0.799166    0.799348  0.00387836
        1493    0.799301    0.799348  0.00387576
        1494    0.799425    0.799348  0.00387317
        1495    0.799538    0.799348  0.00387058
        1496    0.799637    0.799349  0.00386799
        1497    0.799723    0.799349  0.00386541
        1498    0.799794    0.799349  0.00386283
        1499    0.799848    0.799349  0.00386025
        1500    0.799885     0.79935  0.00385768
        1501    0.799901     0.79935  0.00385511
        1502    0.799898    0.799351  0.00385254
        1503    0.799872    0.799351  0.00384998
        1504    0.799823    0.799351  0.00384742
        1505    0.799751    0.799351  0.00384486
        1506    0.799653    0.799352  0.00384231
        1507    0.799529    0.799352  0.00383976
        1508    0.799379    0.799352  0.00383721
        1509      0.7992    0.799352  0.00383467
        1510    0.798993    0.799351  0.00383213
        1511    0.798756    0.799351  0.00382959
        1512    0.798488     0.79935  0.00382706
        1513    0.798189     0.79935  0.00382453
        1514    0.797858    0.799349    0.003822
        1515    0.797494    0.799348  0.00381948
        1516    0.797096    0.799346  0.00381696
        1517    0.796667    0.799344  0.00381445
        1518    0.796206    0.799342  0.00381193
        1519    0.795711     0.79934  0.00380943
        1520    0.795182    0.799337  0.00380692
        1521    0.794619    0.799334  0.00380442
        1522    0.794021     0.79933  0.00380192
        1523     0.79339    0.799327  0.00379943
        1524    0.792726    0.799322  0.00379694
        1525    0.792028    0.799317  0.00379445
        1526    0.791298    0.799312  0.00379197
        1527    0.790536    0.799306  0.00378949
        1528    0.789741      0.7993  0.00378701
        1529    0.788916    0.799293  0.00378454
        1530    0.788061    0.799286  0.00378208
        1531    0.787179    0.799278  0.00377961
        1532    0.786268     0.79927  0.00377716
        1533    0.785331    0.799261   0.0037747
        1534    0.784369    0.799251  0.00377225
        1535    0.783381    0.799241  0.00376981
        1536    0.782371     0.79923  0.00376737
        1537    0.781339    0.799218  0.00376494
        1538    0.780287    0.799206  0.00376251
        1539    0.779214    0.799193  0.00376009
        1540    0.778124    0.799179  0.00375767
        1541    0.777017    0.799165  0.00375526
        1542    0.775893    0.799149  0.00375286
        1543    0.774756    0.799134  0.00375046
        1544    0.773607    0.799117  0.00374807
        1545    0.772446      0.7991  0.00374568
        1546    0.771276    0.799082   0.0037433
        1547    0.770098    0.799063  0.00374093
        1548    0.768914    0.799044  0.00373856
        1549    0.767725    0.799023   0.0037362
        1550    0.766532    0.799002  0.00373385
        1551    0.765336    0.798981  0.00373151
        1552    0.764139    0.798958  0.00372917
        1553    0.762943    0.798935  0.00372684
        1554    0.761747    0.798911  0.00372452
        1555    0.760555    0.798887  0.00372221
        1556    0.759366    0.798861   0.0037199
        1557    0.758183    0.798835   0.0037176
        1558    0.757006    0.798808  0.00371531
        1559    0.755836    0.798781  0.00371303
        1560    0.754673    0.798752  0.00371076
        1561     0.75352    0.798723   0.0037085
        1562    0.752377    0.798694  0.00370624
        1563    0.751244    0.798663  0.00370399
        1564    0.750124    0.798632  0.00370176
        1565    0.749016    0.798601  0.00369953
        1566    0.747922    0.798568  0.00369731
        1567    0.746842    0.798535  0.00369509
        1568    0.745776    0.798502  0.00369289
        1569    0.744725    0.798467  0.00369069
        1570    0.743688    0.798432  0.00368851
        1571    0.742665    0.798397  0.00368633
        1572    0.741659    0.798361  0.00368416
        1573     0.74067    0.798324    0.003682
        1574    0.739697    0.798287  0.00367985
        1575    0.738742    0.798249  0.00367771
        1576    0.737806    0.798211  0.00367558
        1577    0.736889    0.798172  0.00367345
        1578    0.735989    0.798132  0.00367134
        1579    0.735109    0.798093  0.00366923
        1580    0.734248    0.798052  0.00366713
        1581    0.733407    0.798011  0.00366504
        1582    0.732587     0.79797  0.00366295
        1583    0.731788    0.797928  0.00366088
        1584    0.731008    0.797886  0.00365881
        1585    0.730249    0.797843  0.00365675
        1586    0.729511      0.7978   0.0036547
        1587    0.728794    0.797757  0.00365265
        1588    0.728099    0.797713  0.00365062
        1589    0.727427    0.797668  0.00364859
        1590    0.726778    0.797624  0.00364657
        1591    0.726152    0.797579  0.00364455
        1592     0.72555    0.797534  0.00364254
        1593    0.724972    0.797488  0.00364054
        1594    0.724418    0.797442  0.00363855
        1595     0.72389    0.797396  0.00363656
        1596    0.723389     0.79735  0.00363457
        1597    0.722915    0.797303   0.0036326
        1598    0.722467    0.797256  0.00363062
        1599    0.722048    0.797209  0.00362866
        1600    0.721657    0.797162   0.0036267
        1601    0.721295    0.797115  0.00362474
        1602    0.720963    0.797067  0.00362279
        1603    0.720663     0.79702  0.00362085
        1604    0.720394    0.796972   0.0036189
        1605    0.720158    0.796924  0.00361696
        1606    0.719955    0.796876  0.00361503
        1607    0.719784    0.796828   0.0036131
        1608    0.719647     0.79678  0.00361117
        1609    0.719544    0.796732  0.00360925
        1610    0.719478    0.796684  0.00360732
        1611    0.719446    0.796636   0.0036054
        1612    0.719449    0.796588  0.00360348
        1613    0.719488     0.79654  0.00360157
        1614    0.719562    0.796493  0.00359965
        1615    0.719673    0.796445  0.00359774
        1616    0.719821    0.796398  0.00359582
        1617    0.720007     0.79635  0.00359391
        1618     0.72023    0.796303    0.003592
        1619    0.720493    0.796257  0.00359008
        1620    0.720794     0.79621  0.00358817
        1621    0.721134    0.796164  0.00358625
        1622    0.721514    0.796118  0.00358434
        1623    0.721932    0.796072  0.00358242
        1624     0.72239    0.796027   0.0035805
        1625    0.722888    0.795982  0.00357858
        1626    0.723425    0.795937  0.00357666
        1627    0.724001    0.795893  0.00357473
        1628    0.724617    0.795849  0.00357281
        1629    0.725271    0.795806  0.00357088
        1630    0.725964    0.795763  0.00356894
        1631    0.726696     0.79572    0.003567
        1632    0.727466    0.795679  0.00356506
        1633    0.728273    0.795637  0.00356312
        1634    0.729119    0.795597  0.00356117
        1635    0.730002    0.795557  0.00355922
        1636    0.730921    0.795517  0.00355726
        1637    0.731878    0.795478   0.0035553
        1638    0.732871     0.79544  0.00355334
        1639    0.733901    0.795402  0.00355137
        1640    0.734965    0.795366  0.00354939
        1641    0.736064    0.795329  0.00354741
        1642    0.737197    0.795294  0.00354543
        1643    0.738364    0.795259  0.00354344
        1644    0.739563    0.795225  0.00354145
        1645    0.740795    0.795192  0.00353945
        1646    0.742058     0.79516  0.00353745
        1647    0.743352    0.795129  0.00353544
        1648    0.744675    0.795098  0.00353343
        1649    0.746027    0.795068  0.00353141
        1650    0.747408    0.795039  0.00352939
        1651    0.748816    0.795011  0.00352736
        1652    0.750251    0.794984  0.00352533
        1653    0.751712    0.794958  0.00352329
        1654    0.753199    0.794933  0.00352125
        1655     0.75471    0.794909  0.00351921
        1656    0.756246    0.794885  0.00351716
        1657    0.757805    0.794863  0.00351511
        1658    0.759385    0.794841  0.00351306
        1659    0.760988    0.794821    0.003511
        1660    0.762612    0.794802  0.00350894
        1661    0.764255    0.794783  0.00350687
        1662    0.765917    0.794766  0.00350481
        1663    0.767597     0.79475  0.00350274
        1664    0.769293    0.794734  0.00350066
        1665    0.771005     0.79472  0.00349859
        1666    0.772732    0.794707  0.00349652
        1667    0.774474    0.794695  0.00349444
        1668    0.776229    0.794684  0.00349236
        1669    0.777998    0.794674  0.00349028
        1670    0.779778    0.794665  0.00348821
        1671    0.781568    0.794657  0.00348613
        1672    0.783368     0.79465  0.00348405
        1673    0.785178    0.794644  0.00348197
        1674    0.786995     0.79464  0.00347989
        1675    0.788819    0.794636  0.00347782
        1676    0.790648    0.794634  0.00347574
        1677    0.792482    0.794633  0.00347367
        1678    0.794322    0.794633   0.0034716
        1679    0.796165    0.794633  0.00346953
        1680     0.79801    0.794635  0.00346747
        1681    0.799857    0.794639  0.00346541
        1682    0.801704    0.794643  0.00346335
        1683    0.803552    0.794648   0.0034613
        1684      0.8054    0.794654  0.00345925
        1685    0.807245    0.794662   0.0034572
        1686    0.809089     0.79467  0.00345516
        1687    0.810929     0.79468  0.00345313
        1688    0.812764    0.794691   0.0034511
        1689    0.814595    0.794703  0.00344907
        1690    0.816421    0.794715  0.00344706
        1691    0.818241    0.794729  0.00344505
        1692    0.820053    0.794744  0.00344304
        1693    0.821858     0.79476  0.00344105
        1694    0.823654    0.794777  0.00343906
        1695    0.825441    0.794795  0.00343708
        1696    0.827219    0.794815   0.0034351
        1697    0.828988    0.794835  0.00343314
        1698    0.830745    0.794856  0.00343118
        1699    0.832491    0.794878  0.00342923
        1700    0.834224    0.794901  0.00342729
        1701    0.835944    0.794925  0.00342536
        1702    0.837649     0.79495  0.00342344
        1703     0.83934    0.794976  0.00342153
        1704    0.841014    0.795004  0.00341963
        1705    0.842673    0.795031  0.00341774
        1706    0.844313     0.79506  0.00341586
        1707    0.845935     0.79509  0.00341399
        1708    0.847537    0.795121  0.00341213
        1709    0.849119    0.795152  0.00341028
        1710    0.850679    0.795185  0.00340844
        1711    0.852216    0.795218  0.00340661
        1712     0.85373    0.795252  0.00340479
        1713    0.855218    0.795287  0.00340298
        1714    0.856679    0.795323  0.00340118
        1715    0.858112     0.79536   0.0033994
        1716    0.859516    0.795397  0.00339762
        1717    0.860889    0.795435  0.00339586
        1718     0.86223    0.795474   0.0033941
        1719    0.863538    0.795514  0.00339236
        1720    0.864811    0.795554  0.00339063
        1721    0.866049    0.795595  0.00338891
        1722    0.867249    0.795637  0.00338719
        1723     0.86841    0.795679  0.00338549
        1724     0.86953    0.795722   0.0033838
        1725    0.870609    0.795765  0.00338211
        1726    0.871646    0.795809  0.00338044
        1727    0.872638    0.795854  0.00337878
        1728    0.873585    0.795899  0.00337712
        1729    0.874484    0.795944  0.00337547
        1730    0.875335     0.79599  0.00337383
        1731    0.876135    0.796036   0.0033722
        1732    0.876883    0.796083  0.00337058
        1733    0.877581     0.79613  0.00336896
        1734    0.878228    0.796177  0.00336735
        1735     0.87882    0.796225  0.00336575
        1736    0.879358    0.796273  0.00336415
        1737    0.879841    0.796321  0.00336256
        1738    0.880267    0.796369  0.00336097
        1739    0.880635    0.796418  0.00335938
        1740    0.880945    0.796466  0.00335781
        1741    0.881198    0.796515  0.00335623
        1742    0.881392    0.796564  0.00335466
        1743    0.881528    0.796612  0.00335309
        1744    0.881607    0.796661  0.00335152
        1745    0.881628     0.79671  0.00334995
        1746    0.881593    0.796758  0.00334838
        1747    0.881499    0.796807  0.00334682
        1748    0.881348    0.796855  0.00334525
        1749    0.881143    0.796904  0.00334369
        1750    0.880881    0.796952  0.00334212
        1751    0.880566    0.796999  0.00334055
        1752    0.880196    0.797047  0.00333899
        1753    0.879775    0.797094  0.00333741
        1754    0.879303    0.797141  0.00333584
        1755    0.878783    0.797187  0.00333426
        1756    0.878216    0.797234  0.00333268
        1757    0.877602    0.797279   0.0033311
        1758    0.876946    0.797325  0.00332951
        1759    0.876248    0.797369  0.00332792
        1760     0.87551    0.797414  0.00332633
        1761    0.874733    0.797458  0.00332473
        1762    0.873921    0.797501  0.00332313
        1763    0.873075    0.797544  0.00332152
        1764    0.872198    0.797586   0.0033199
        1765    0.871291    0.797628  0.00331829
        1766    0.870357    0.797669  0.00331666
        1767    0.869397     0.79771  0.00331503
        1768    0.868413     0.79775   0.0033134
        1769     0.86741    0.797789  0.00331176
        1770    0.866388    0.797828  0.00331012
        1771     0.86535    0.797866  0.00330847
        1772    0.864298    0.797904  0.00330681
        1773    0.863233     0.79794  0.00330515
        1774    0.862158    0.797977  0.00330349
        1775    0.861075    0.798012  0.00330182
        1776    0.859984    0.798047  0.00330014
        1777    0.858889    0.798081  0.00329846
        1778    0.857789    0.798115  0.00329678
        1779    0.856688    0.798148  0.00329509
        1780    0.855589     0.79818   0.0032934
        1781    0.854491    0.798212   0.0032917
        1782    0.853396    0.798243     0.00329
        1783    0.852304    0.798273  0.00328829
        1784    0.851218    0.798303  0.00328658
        1785    0.850138    0.798332  0.00328487
        1786    0.849066     0.79836  0.00328316
        1787    0.848003    0.798388  0.00328144
        1788     0.84695    0.798415  0.00327971
        1789     0.84591    0.798442  0.00327799
        1790    0.844881    0.798468  0.00327626
        1791    0.843865    0.798493  0.00327453
        1792    0.842863    0.798518  0.00327279
        1793    0.841875    0.798542  0.00327106
        1794    0.840902    0.798565  0.00326932
        1795    0.839944    0.798589  0.00326758
        1796    0.839002    0.798611  0.00326584
        1797    0.838078    0.798633  0.00326409
        1798    0.837169    0.798654  0.00326235
        1799    0.836279    0.798675   0.0032606
        1800    0.835406    0.798696  0.00325885
        1801    0.834552    0.798716  0.00325711
        1802    0.833717    0.798735  0.00325536
        1803    0.832902    0.798754  0.00325361
        1804    0.832106    0.798773  0.00325185
        1805    0.831329    0.798791   0.0032501
        1806    0.830573    0.798808  0.00324835
        1807    0.829838    0.798825   0.0032466
        1808    0.829123    0.798842  0.00324485
        1809    0.828429    0.798858  0.00324309
        1810    0.827757    0.798874  0.00324134
        1811    0.827106     0.79889  0.00323959
        1812    0.826477    0.798905  0.00323784
        1813    0.825872     0.79892  0.00323609
        1814    0.825289    0.798935  0.00323433
        1815    0.824729    0.798949  0.00323258
        1816    0.824194    0.798963  0.00323083
        1817    0.823683    0.798976  0.00322908
        1818    0.823197     0.79899  0.00322734
        1819    0.822735    0.799003  0.00322559
        1820      0.8223    0.799016  0.00322384
        1821     0.82189    0.799028  0.00322209
        1822    0.821506     0.79904  0.00322035
        1823    0.821148    0.799053  0.00321861
        1824    0.820815    0.799064  0.00321686
        1825    0.820507    0.799076  0.00321512
        1826    0.820225    0.799088  0.00321338
        1827    0.819968    0.799099  0.00321164
        1828    0.819736    0.799111  0.00320991
        1829    0.819529    0.799122  0.00320817
        1830    0.819349    0.799133  0.00320644
        1831    0.819195    0.799144   0.0032047
        1832    0.819067    0.799155  0.00320297
        1833    0.818965    0.799165  0.00320124
        1834    0.818888    0.799176  0.00319952
        1835    0.818835    0.799187  0.00319779
        1836    0.818806    0.799198  0.00319607
        1837      0.8188    0.799208  0.00319435
        1838    0.818818    0.799219  0.00319263
        1839    0.818858     0.79923  0.00319091
        1840    0.818922     0.79924  0.00318919
        1841    0.819007    0.799251  0.00318748
        1842    0.819115    0.799262  0.00318576
        1843    0.819245    0.799273  0.00318405
        1844    0.819396    0.799284  0.00318235
        1845    0.819567    0.799295  0.00318064
        1846    0.819757    0.799306  0.00317894
        1847    0.819965    0.799317  0.00317724
        1848    0.820191    0.799328  0.00317554
        1849    0.820432    0.799339  0.00317384
        1850    0.820689    0.799351  0.00317214
        1851     0.82096    0.799363  0.00317045
        1852    0.821245    0.799375  0.00316876
        1853    0.821542    0.799386  0.00316708
        1854    0.821851    0.799399  0.00316539
        1855    0.822168    0.799411  0.00316371
        1856    0.822495    0.799423  0.00316203
        1857    0.822829    0.799436  0.00316035
        1858    0.823171    0.799449  0.00315867
        1859    0.823518    0.799462    0.003157
        1860    0.823866    0.799475  0.00315533
        1861    0.824217    0.799488  0.00315366
        1862    0.824567    0.799502    0.003152
        1863    0.824915    0.799515  0.00315034
        1864     0.82526    0.799529  0.00314868
        1865    0.825599    0.799543  0.00314702
        1866    0.825929    0.799557  0.00314537
        1867    0.826248    0.799571  0.00314371
        1868    0.826555    0.799586  0.00314206
        1869    0.826846      0.7996  0.00314042
        1870     0.82712    0.799615  0.00313877
        1871    0.827373     0.79963  0.00313713
        1872    0.827603    0.799645  0.00313549
        1873    0.827808     0.79966  0.00313385
        1874    0.827986    0.799675  0.00313221
        1875    0.828133     0.79969  0.00313058
        1876    0.828247    0.799705  0.00312895
        1877    0.828325    0.799721  0.00312732
        1878    0.828365    0.799736  0.00312569
        1879    0.828362    0.799751  0.00312406
        1880    0.828315    0.799766  0.00312244
        1881    0.828221    0.799782  0.00312082
        1882    0.828078    0.799797  0.00311919
        1883    0.827882    0.799811  0.00311757
        1884    0.827631    0.799826  0.00311595
        1885    0.827323    0.799841  0.00311434
        1886    0.826954    0.799855  0.00311272
        1887    0.826524    0.799869   0.0031111
        1888    0.826032    0.799883  0.00310948
        1889    0.825473    0.799897  0.00310787
        1890    0.824844     0.79991  0.00310625
        1891    0.824146    0.799923  0.00310463
        1892    0.823378    0.799935  0.00310302
        1893    0.822536    0.799947   0.0031014
        1894     0.82162    0.799959  0.00309978
        1895    0.820628    0.799969  0.00309817
        1896    0.819559     0.79998  0.00309655
        1897    0.818414     0.79999  0.00309493
        1898    0.817193    0.799999  0.00309332
        1899    0.815895    0.800007   0.0030917
        1900    0.814519    0.800015  0.00309008
        1901    0.813067    0.800021  0.00308846
        1902    0.811538    0.800027  0.00308685
        1903    0.809934    0.800033  0.00308523
        1904    0.808256    0.800037  0.00308361
        1905    0.806504     0.80004  0.00308199
        1906    0.804682    0.800043  0.00308038
        1907     0.80279    0.800044  0.00307876
        1908    0.800831    0.800045  0.00307715
        1909    0.798807    0.800044  0.00307554
        1910     0.79672    0.800042  0.00307393
        1911    0.794573    0.800039  0.00307232
        1912    0.792369    0.800035  0.00307072
        1913    0.790113     0.80003  0.00306912
        1914    0.787808    0.800024  0.00306752
        1915    0.785458    0.800016  0.00306593
        1916    0.783066    0.800007  0.00306434
        1917    0.780637    0.799997  0.00306276
        1918    0.778175    0.799986  0.00306118
        1919    0.775686    0.799973  0.00305961
        1920    0.773175    0.799959  0.00305805
        1921    0.770648    0.799944   0.0030565
        1922    0.768108    0.799927  0.00305495
        1923    0.765563     0.79991  0.00305341
        1924    0.763018     0.79989  0.00305189
        1925     0.76048     0.79987  0.00305037
        1926    0.757954    0.799848  0.00304887
        1927    0.755447    0.799825  0.00304737
        1928    0.752964    0.799801  0.00304589
        1929    0.750512    0.799775  0.00304441
        1930    0.748098    0.799749  0.00304295
        1931    0.745729    0.799721  0.00304151
        1932    0.743411    0.799691  0.00304007
        1933    0.741151    0.799661  0.00303865
        1934    0.738954     0.79963  0.00303724
        1935    0.736826    0.799597  0.00303585
        1936    0.734776    0.799564  0.00303446
        1937    0.732808    0.799529  0.00303309
        1938    0.730929    0.799494  0.00303173
        1939    0.729146    0.799458  0.00303039
        1940    0.727462    0.799421  0.00302905
        1941    0.725884    0.799383  0.00302773
        1942    0.724415    0.799344  0.00302642
        1943    0.723061    0.799305  0.00302511
        1944    0.721825    0.799265  0.00302382
        1945    0.720711    0.799225  0.00302253
        1946    0.719723    0.799184  0.00302126
        1947    0.718863    0.799142  0.00301999
        1948    0.718136    0.799101  0.00301872
        1949    0.717542    0.799059  0.00301746
        1950    0.717082    0.799017  0.00301621
        1951    0.716757    0.798975  0.00301496
        1952    0.716568    0.798933  0.00301371
        1953    0.716516     0.79889  0.00301246
        1954    0.716599    0.798848  0.00301121
        1955    0.716816    0.798806  0.00300997
        1956    0.717165    0.798765  0.00300872
        1957    0.717644    0.798723  0.00300746
        1958    0.718251    0.798682  0.00300621
        1959    0.718984    0.798641  0.00300495
        1960    0.719838    0.798601  0.00300369
        1961    0.720812    0.798561  0.00300242
        1962      0.7219    0.798522  0.00300114
        1963    0.723099    0.798484  0.00299986
        1964    0.724403    0.798446  0.00299857
        1965    0.725809    0.798409  0.00299727
        1966    0.727311    0.798373  0.00299596
        1967    0.728905    0.798338  0.00299465
        1968    0.730586    0.798303  0.00299332
        1969    0.732349     0.79827  0.00299199
        1970    0.734189    0.798237  0.00299065
        1971    0.736101    0.798206   0.0029893
        1972    0.738081    0.798175  0.00298794
        1973    0.740124    0.798146  0.00298657
        1974    0.742224    0.798118  0.00298519
        1975    0.744379     0.79809   0.0029838
        1976    0.746581    0.798064  0.00298241
        1977    0.748827    0.798039    0.002981
        1978    0.751112    0.798016  0.00297959
        1979    0.753431    0.797993  0.00297817
        1980    0.755781    0.797972  0.00297674
        1981    0.758158    0.797952  0.00297531
        1982    0.760558    0.797933  0.00297386
        1983     0.76298    0.797915  0.00297242
        1984    0.765419    0.797899  0.00297096
        1985    0.767872    0.797884   0.0029695
        1986    0.770336     0.79787  0.00296804
        1987    0.772808    0.797857  0.00296658
        1988    0.775286    0.797846   0.0029651
        1989    0.777766    0.797836  0.00296363
        1990    0.780248    0.797827  0.00296216
        1991    0.782729    0.797819  0.00296068
        1992    0.785207    0.797813   0.0029592
        1993    0.787679    0.797808  0.00295772
        1994    0.790144    0.797804  0.00295624
        1995      0.7926    0.797802  0.00295476
        1996    0.795046      0.7978  0.00295328
        1997     0.79748      0.7978   0.0029518
        1998    0.799902    0.797801  0.00295032
        1999    0.802309    0.797803  0.00294884
        2000      0.8047    0.797807  0.00294737
