778.866
755.937
699.991
699.991
692.518
657.524
653.128
621.288
620.72
585.896
585.471
570.415
565.35
535.675
529.692
528.169
519.895
510.442
488.751
485.876
483.794
479.3
476.905
467.12
454
451.569
439.447
434.568
433.693
430.538
424.1
424.1
418.218
407.898
407.458
407.458
403.507
397.431
392.289
392.289
387.271
387.271
384.708
378.054
373.037
373.037
370.731
370.231
369.868
362.85
358.228
358.005
350.212
350.212
348.7
347.497
336.817
336.817
336.817
335.97
335.97
333.181
333.181
332.334
328.528
328.528
326.421
325.575
325.221
324.406
322.069
320.806
320.463
318.385
317.287
317.287
317.043
316.722
314.352
314.352
313.661
284.692
284.692
284.692
284.692
284.692
284.692
284.692
282.032
282.032
282.032
282.032
282.032
279.817
279.817
279.817
279.817
279.121
279.121
279.121
279.121
278.904
278.904
278.904
278.904
278.904
278.738
278.738
278.738
278.738
278.738
278.738
278.738
278.738
278.738
277.89
277.89
277.89
277.89
277.89
277.89
277.89
277.89
277.89
277.89
277.89
277.89
277.89
277.89
277.89
277.89
277.89
277.89
277.89
277.89
277.89
277.89
277.89
277.89
277.89
277.89
274.545
274.545
274.545
274.545
274.545
274.545
274.545
274.545
274.545
274.545
274.545
274.545
274.545
274.545
274.545
274.545
274.545
274.545
274.545
274.545
274.545
274.545
274.545
274.545
274.545
274.545
274.545
274.545
274.545
274.545
274.545
274.545
274.545
274.545
274.545
274.545
274.545
274.545
274.545
274.545
274.545
274.545
274.545
274.545
274.545
274.545
274.545
274.545
274.545
274.545
274.545
274.545
274.545
274.545
274.545
274.545
274.545
274.545
274.545
274.545
273.651
273.651
273.651
273.651
273.651
273.651
273.651
273.651
273.651
273.651
273.651
273.651
273.651
273.651
273.651
273.651
273.651
273.651
273.651
273.651
273.651
273.651
273.651
273.651
273.651
273.651
273.651
273.651
273.651
273.651
273.651
273.651
273.651
273.651
273.651
273.651
273.651
273.651
273.651
273.651
273.651
273.651
273.651
273.651
273.651
273.651
273.651
273.651
273.651
