778.866
755.937
717.569
710.068
675.663
627.624
627.624
620.719
580.74
580.74
579.122
568.06
550.395
533.453
529.328
513.065
497.241
488.857
471.64
470.217
454.658
453
444.882
444.446
435.881
431.833
426.156
415.598
415.598
407.759
405.974
405.328
400.631
393.729
393.729
386.733
384.293
376.816
374.761
373.74
369.078
366.002
360.816
360.816
350.165
350.12
350.12
345.201
345.201
343.416
332.522
329.268
327.546
325.517
325.517
322.994
322.688
320.867
318.919
318.246
314.209
314.164
314.164
312.585
308.618
308.618
307.04
305.252
303.908
303.908
302.949
302.949
300.659
300.659
300.659
300.659
299.679
299.679
299.531
299.531
290.994
290.846
290.303
288.543
288.001
286.491
279.184
278.641
278.641
278.015
278.015
277.726
277.726
277.726
277.608
277.608
277.608
277.608
277.608
277.608
276.815
276.815
276.815
276.095
276.095
276.095
276.095
276.095
276.095
276.095
276.095
276.095
275.074
275.074
275.074
275.074
275.074
275.074
275.029
275.029
275.029
275.029
275.029
275.029
275.029
275.029
275.029
275.029
275.029
275.029
275.029
275.029
275.029
275.029
275.029
275.029
275.029
275.029
275.029
275.029
275.029
275.029
275.029
275.029
275.029
275.029
275.029
275.029
271.984
271.984
271.984
271.984
271.984
271.984
271.984
271.984
271.63
271.63
271.63
271.63
271.63
271.63
271.63
271.63
271.63
271.63
271.63
271.63
271.63
271.63
271.63
271.63
271.63
271.63
271.63
271.63
271.63
271.63
271.63
271.63
271.63
271.63
271.63
271.63
271.63
271.63
271.63
271.63
271.63
271.63
271.63
271.63
271.63
271.63
271.63
271.63
271.63
271.63
271.63
271.63
271.63
271.63
271.63
271.63
271.63
271.63
271.63
271.63
271.63
271.63
271.63
271.63
271.63
271.63
271.63
271.63
271.63
271.63
271.63
271.63
271.63
271.63
271.63
271.63
271.63
271.63
271.63
271.63
271.63
271.63
271.63
271.63
271.63
271.63
271.63
271.63
271.63
271.63
271.63
271.63
271.63
271.63
271.63
271.63
271.63
271.63
271.63
271.63
271.63
271.63
