820.021
764.43
735.241
719.567
694.687
685.516
661.099
651.658
608.521
608.521
571.76
571.76
552.041
552.041
546.031
527.503
510.693
503.713
503.713
489.848
481.271
471.54
459.905
449.421
444.554
435.966
434.101
425.225
415.773
407.715
403.45
394.036
387.895
385.021
381.234
374.571
365.818
360.934
351.814
351.814
350.828
348.423
346.159
331.118
328.995
321.081
317.449
306.065
306.065
302.433
298.733
298.001
294.386
294.386
293.653
293.032
290.728
290.728
290.728
290.728
289.036
288.726
287.033
287.033
284.71
284.71
283.846
283.846
283.238
283.118
282.51
282.51
282.51
282.51
282.51
282.51
282.281
282.281
282.281
282.281
282.281
282.281
282.281
282.281
282.281
282.281
282.281
282.281
282.281
282.281
282.281
282.281
282.269
282.269
282.269
282.269
282.269
282.269
282.269
282.269
282.269
282.269
282.269
282.269
282.269
282.269
282.269
282.269
281.747
281.747
281.747
281.747
281.747
281.747
281.747
281.747
281.747
281.747
281.747
279.238
279.238
279.238
279.238
279.238
279.238
279.238
279.238
279.238
279.238
279.238
279.238
279.238
279.238
279.238
279.238
279.238
279.238
279.238
279.238
279.238
279.238
279.238
278.672
278.672
278.672
278.672
278.672
278.672
278.672
278.672
278.672
278.672
278.672
278.672
278.672
278.672
278.672
278.672
278.672
278.672
278.672
278.672
278.672
278.672
278.672
278.672
278.672
278.672
278.672
278.672
278.672
278.672
278.672
278.672
278.672
278.672
278.672
278.672
278.672
278.672
278.672
278.672
278.672
278.672
278.672
278.672
278.672
278.672
278.672
278.672
278.672
278.672
278.672
278.672
278.672
278.672
278.672
278.672
278.672
278.672
278.672
278.672
278.672
278.672
278.672
278.672
278.672
278.672
278.672
278.672
278.672
278.672
278.672
278.672
278.672
278.672
278.672
278.672
278.672
278.672
278.672
278.672
278.672
278.672
278.672
278.672
278.672
278.672
278.672
278.672
278.672
278.672
278.672
278.672
278.672
278.672
278.672
278.672
278.672
278.672
278.672
274.545
274.545
273.651
273.651
273.651
273.651
273.651
273.651
273.651
