820.021
805.113
776.878
748.994
729.622
706.38
693.241
681.043
671.523
640.343
640.343
578.531
615.312
589.601
585.038
563.15
556.04
541.206
534.097
523.621
519.429
509.869
504.939
498.767
481.959
472.399
458.738
455.977
449.38
449.38
444.908
436.996
436.996
427.417
426.488
423.421
423.121
419.196
401.158
401.158
401.158
392.644
392.644
390.957
383.508
383.508
382.094
379.186
378.488
375.075
364.618
364.618
362.755
362.755
360.755
358.859
358.859
339.01
351.904
333.434
343.338
343.338
332.237
332.237
332.237
332.237
332.237
329.004
329.004
329.46
319.374
319.374
327.913
327.889
319.029
319.029
319.029
319.029
316.14
312.354
309.484
309.484
305.621
305.621
303.927
303.927
303.441
301.564
298.567
298.567
298.567
297.358
296.204
295.012
295.012
293.176
293.176
293.176
293.176
292.359
290.812
290.812
290.812
290.812
289.879
289.879
289.879
289.879
289.879
289.879
287.515
287.515
289.879
288.858
288.858
288.858
288.858
288.833
288.372
288.372
288.372
285.619
285.619
285.619
285.619
283.255
283.255
283.255
283.255
283.255
283.255
283.255
283.255
281.995
281.995
281.995
281.995
283.255
283.173
283.173
283.173
283.173
283.173
283.128
283.128
283.128
283.128
283.128
283.128
283.128
283.024
283.024
283.024
283.024
283.024
283.024
283.024
283.024
283.024
283.024
283.024
283.024
283.024
283.024
283.024
281.763
283.024
283.024
283.024
283.024
283.024
283.024
283.024
283.024
283.024
281.763
281.763
281.763
281.763
281.763
281.763
281.763
281.763
281.763
281.763
281.763
281.763
281.763
281.763
281.763
281.763
281.763
281.763
281.763
281.763
281.763
281.763
281.763
281.763
281.763
281.763
281.763
281.763
281.763
281.763
281.763
281.763
280.349
280.349
280.349
280.349
280.349
280.349
280.349
280.349
280.349
280.349
280.349
280.349
280.349
280.349
280.349
280.349
280.349
280.349
280.349
280.349
280.349
280.349
280.349
280.349
280.349
280.349
280.349
280.349
280.349
280.349
280.349
280.349
280.349
280.349
280.349
280.349
280.349
280.349
280.349
280.349
280.349
280.349
280.349
