764.43
729.76
722.184
686.201
680.64
653.463
644.697
624.871
615.048
595.291
577.813
571.829
564.664
526.762
545.44
528.063
505.631
502.219
491.601
489.397
475.302
468.327
457.677
456.614
449.687
440.188
432.102
430.591
424.615
418.855
408.724
406.466
401.83
394.374
394.374
389.721
381.918
380.596
372.507
369.72
367.833
366.106
363.768
354.001
354.001
351.398
351.398
350.485
347.882
347.063
345.2
343.936
341.237
341.237
339.269
338.136
331.567
329.598
329.598
328.466
326.894
325.762
323.808
323.808
320.837
318.883
317.966
311.421
311.421
310.504
310.504
309.162
308.022
308.022
307.012
307.012
306.797
306.797
306.797
302.677
302.462
302.387
302.163
302.088
301.873
301.873
301.873
299.842
299.842
299.842
299.842
297.215
288.473
283.586
283.586
282.577
282.577
282.577
282.577
282.577
282.577
282.577
282.577
282.577
281.857
281.857
281.857
281.857
281.857
281.857
281.857
281.857
281.857
281.857
281.857
281.857
281.857
281.857
281.857
281.857
281.857
277.89
281.857
281.857
281.857
281.857
281.857
281.857
281.857
281.857
281.857
281.857
281.857
281.857
281.857
281.857
281.857
281.857
281.857
281.857
281.857
281.857
281.857
281.857
281.857
281.857
281.857
281.857
281.857
281.857
281.857
281.857
281.857
281.857
281.857
281.857
281.857
281.857
281.857
281.857
281.857
281.857
281.857
281.857
281.857
281.857
281.857
281.857
281.857
281.857
281.857
281.857
281.857
281.857
281.857
281.857
281.857
281.857
281.857
281.857
281.857
281.857
281.857
281.857
281.857
281.857
281.857
281.857
281.857
281.857
281.857
281.857
281.857
281.857
281.857
281.857
281.857
281.857
281.857
281.857
281.857
274.545
274.545
274.545
274.545
274.545
274.545
274.545
274.545
274.545
274.545
274.545
274.545
274.545
274.545
274.545
274.545
274.545
274.545
274.545
274.545
274.545
274.545
274.545
274.545
274.545
274.545
274.545
274.545
274.545
274.545
274.545
274.545
274.545
274.545
274.545
274.545
274.545
274.545
274.545
274.545
273.651
273.651
273.651
273.651
273.651
273.651
273.651
273.651
273.651
