764.43
729.76
722.184
694.953
680.64
653.463
644.697
624.159
615.568
585.095
574.476
563.097
550.143
516.354
524.504
486.594
478.839
456.155
447.572
435.857
435.139
426.16
425.441
402.705
402.705
398.621
396.894
395.846
391.601
388.705
386.353
385.635
383.714
377.749
376.481
373.279
369.46
364.987
364.269
363.532
354.625
354.625
350.446
350.446
346.756
345.302
344.159
342.187
342.187
338.361
337.774
337.562
336.359
335.937
331.08
333.935
331.8
330.57
329.799
329.303
329.303
329.303
324.929
324.929
324.929
323.678
322.232
322.232
316.007
314.562
314.562
310.425
310.425
310.027
310.027
308.259
307.86
307.65
306.488
306.488
306.488
306.115
306.115
306.115
302.292
302.292
302.292
302.292
298.195
298.195
298.195
293.473
293.473
293.473
291
291
291
290.544
290.544
290.544
290.544
290.544
290.544
290.544
290.544
290.544
290.544
290.544
290.544
290.544
290.544
290.225
290.225
290.225
290.225
290.225
290
290
290
290
290
290
290
290
290
290
290
290
290
290
290
290
290
290
290
290
290
290
290
290
290
290
290
290
290
290
290
290
290
290
290
290
290
290
290
290
290
290
290
290
290
290
290
290
290
290
290
290
290
290
290
290
290
290
290
290
290
290
290
290
290
290
290
290
290
290
290
290
290
290
290
290
290
290
290
290
290
290
290
290
290
290
290
290
290
290
290
290
290
290
290
290
290
290
290
290
290
290
290
290
290
290
290
290
290
290
290
290
290
290
290
290
290
290
290
290
290
290
290
290
290
290
290
290
290
290
290
290
290
290
