816.593
792.597
767.276
750.752
714.948
706.674
689.662
682.876
640.294
631.605
625.102
594.788
576.864
560.607
541.952
541.952
512.125
512.125
496.885
495.771
489.212
483.319
478.045
464.135
464.135
455.394
450.191
446.778
438.15
432.608
429.534
423.127
418.636
413.5
409.936
404.241
398.597
389.771
389.771
389.771
378.81
350.828
350.828
350.828
344.089
344.089
344.089
337.309
324.378
324.378
319.956
319.956
319.956
316.324
313.396
312.668
309.035
307.641
307.226
302.672
302.672
301.867
301.867
301.867
300.143
300.143
299.77
299.77
298.933
298.077
298.077
296.565
295.651
294.343
292.65
292.65
288.269
287.706
284.692
284.692
284.692
282.281
282.281
282.281
282.281
282.281
282.281
282.281
282.281
282.281
282.281
282.281
281.716
281.716
281.716
281.716
281.716
281.716
281.716
281.716
281.716
281.716
281.716
281.716
281.716
281.716
281.716
281.716
281.716
281.716
281.716
281.716
281.716
281.716
281.716
281.716
281.716
281.716
281.716
281.716
281.716
279.238
278.672
278.672
278.672
278.672
278.672
278.672
278.672
278.672
278.672
278.672
278.672
278.672
278.672
278.672
278.672
278.672
278.672
278.672
278.672
278.672
278.672
278.672
278.672
278.672
278.672
278.672
278.672
278.672
278.672
278.672
278.672
278.672
278.672
278.672
278.672
278.672
278.672
278.672
278.672
278.672
278.672
278.672
278.672
278.672
278.672
278.672
278.672
278.672
278.672
278.672
278.672
278.672
278.672
278.672
278.672
278.672
278.672
278.672
278.672
278.672
278.672
278.672
278.672
278.672
278.672
278.672
278.672
278.672
278.672
278.672
278.672
278.672
278.672
278.672
278.672
278.672
278.672
278.672
278.672
278.672
278.672
278.672
278.672
278.672
278.672
278.672
278.672
278.672
278.672
278.672
278.672
278.672
278.672
278.672
278.672
278.672
278.672
278.672
278.672
278.672
278.672
278.672
278.672
278.672
278.672
278.672
278.672
278.672
278.672
278.672
278.672
278.672
278.672
278.672
278.672
278.672
278.672
278.672
278.672
278.672
278.672
278.672
278.672
278.612
278.612
278.612
278.612
278.612
