816.593
792.597
734.859
728.998
707.258
696.716
683.431
671.748
659.344
649.119
632.003
622.164
603.239
595.197
569.996
550.34
537.275
511.691
510.543
492.536
492.139
485.073
473.799
465.695
454.294
449.452
432.939
418.047
418.047
411.091
409.457
402.501
399.178
389.786
389.277
381.802
379.507
375.143
375.143
370.41
370.41
359.153
359.153
359.153
350.602
349.974
342.775
342.775
342.775
340.517
340.517
334.02
334.02
331.762
331.762
331.131
330.213
329.577
325.244
321.731
321.731
321.622
321.622
318.181
318.181
316.366
313.046
310.347
308.533
306.971
306.355
303.66
302.27
302.27
300.428
299.038
298.978
298.954
294.109
294.109
292.635
289.232
289.232
288.541
288.428
288.428
288.103
288.103
287.884
287.884
287.559
287.393
287.393
287.393
286.918
286.918
286.918
286.918
286.918
286.918
286.141
286.141
286.141
286.141
286.141
286.141
286.141
286.141
286.141
286.141
286.141
286.141
286.141
286.141
285.03
285.03
285.03
285.03
285.03
285.03
285.03
285.03
285.03
285.03
285.007
285.007
285.007
285.007
285.007
285.007
285.007
285.007
285.007
285.007
285.007
285.007
285.007
285.007
285.007
285.007
285.007
285.007
285.007
285.007
285.007
285.007
285.007
285.007
285.007
285.007
285.007
285.007
285.007
285.007
285.007
285.007
285.007
285.007
285.007
285.007
285.007
284.802
284.802
284.802
284.802
284.802
284.802
284.802
284.802
284.802
284.802
284.802
284.802
284.802
284.802
284.802
284.802
284.802
284.236
284.236
284.236
284.236
284.236
284.236
284.236
284.236
284.236
284.236
284.236
284.236
284.236
284.236
284.236
284.236
284.236
284.236
284.236
284.236
284.236
284.236
284.236
284.236
284.236
284.236
284.236
284.236
284.236
284.236
284.236
284.236
284.236
284.236
284.236
284.236
284.236
284.236
284.236
284.236
284.236
284.236
284.236
284.236
284.236
284.236
284.236
284.236
284.236
284.236
284.236
284.236
284.236
284.236
284.236
284.236
284.236
284.236
284.236
284.236
284.236
284.236
284.236
284.236
284.236
284.236
284.236
284.236
284.236
284.236
284.236
284.236
