913.055
884.764
836.452
791.663
777.311
759.986
732.305
710.408
694.891
679.201
655.302
635.843
619.09
595.699
588.745
574.825
563.357
548.986
536.046
511.817
505.355
498.953
491.597
485.091
478.891
473.892
466.483
459.431
453.844
447.738
441.107
434.512
428.321
423.786
420.719
415.73
411.707
407.179
403.079
398.466
392.614
388.478
382.994
378.516
368.98
350.769
350.408
348.147
343.968
343.25
338.877
327.568
323.572
320.62
319.762
318.61
316.021
314.102
309.869
307.982
307.522
307.08
306.402
304.651
302.556
301.969
301.612
300.61
300.084
299.83
299.614
298.959
298.069
297.012
296.073
295.333
293.706
292.408
291.298
288.292
287.646
287.416
286.172
284.194
282.283
282.281
282.281
282.281
282.281
282.281
282.281
282.281
282.28
282.275
282.232
281.962
281.716
281.716
281.716
281.716
281.716
281.716
281.716
281.716
281.716
281.716
281.716
281.716
281.716
281.716
281.716
281.716
281.716
281.716
281.716
281.716
281.716
281.716
281.716
281.716
281.716
281.696
281.524
280.462
279.179
278.878
278.672
278.672
278.672
278.672
278.672
278.672
278.672
278.672
278.672
278.672
278.672
278.672
278.672
278.672
278.672
278.672
278.672
278.672
278.672
278.672
278.672
278.672
278.672
278.672
278.672
278.672
278.672
278.672
278.672
278.672
278.672
278.672
278.672
278.672
278.672
278.672
278.672
278.672
278.672
278.672
278.672
278.672
278.672
278.672
278.672
278.672
278.672
278.672
278.672
278.672
278.672
278.672
278.672
278.672
278.672
278.672
278.672
278.672
278.672
278.672
278.672
278.672
278.672
278.672
278.672
278.672
278.672
278.672
278.672
278.672
278.672
278.672
278.672
278.672
278.672
278.672
278.672
278.672
278.672
278.672
278.672
278.672
278.672
278.672
278.672
278.672
278.672
278.672
278.672
278.672
278.672
278.672
278.672
278.672
278.672
278.672
278.672
278.672
278.672
278.672
278.672
278.672
278.672
278.672
278.672
278.672
278.672
278.672
278.672
278.672
278.672
278.672
278.672
278.672
278.672
278.672
278.672
278.672
278.672
278.672
278.671
278.665
278.63
278.612
