913.055
884.559
832.85
789.176
772.074
744.588
723.311
705.253
694.563
679.22
665.855
650.625
638.559
623.182
609.172
590.17
571.526
551.907
541.309
523.362
508.603
501.161
493.804
486.234
477.91
466.55
458.299
449.522
444.353
434.669
425.276
416.038
409.624
404.728
400.683
395.142
389.113
383.108
381.142
378.715
375.121
374.681
372.558
369.924
367.819
359.034
358.568
355.525
349.779
346.835
342.748
342.54
341.36
339.864
337.217
333.575
331.905
331.602
330.963
329.855
328.231
325.07
324.541
322.703
321.455
320.423
317.957
316.183
314.595
311.184
308.243
307.126
306.841
306.254
305.095
302.944
301.788
299.794
299.012
298.845
297.831
295.061
292.493
289.883
289.204
289.026
288.529
288.463
288.338
288.083
287.931
287.849
287.596
287.403
287.392
287.387
287.358
287.133
286.918
286.918
286.915
286.888
286.695
286.143
286.141
286.141
286.141
286.141
286.141
286.141
286.141
286.141
286.141
286.141
286.138
286.134
286.077
285.676
285.03
285.03
285.03
285.03
285.03
285.03
285.03
285.03
285.027
285.015
285.007
285.007
285.007
285.007
285.007
285.007
285.007
285.007
285.007
285.007
285.007
285.007
285.007
285.007
285.007
285.007
285.007
285.007
285.007
285.007
285.007
285.007
285.007
285.007
285.007
285.007
285.007
285.007
285.007
285.007
285.007
285.007
285.007
285.006
285.004
284.976
284.843
284.802
284.802
284.802
284.802
284.802
284.802
284.802
284.802
284.802
284.802
284.802
284.802
284.802
284.8
284.795
284.754
284.51
284.236
284.236
284.236
284.236
284.236
284.236
284.236
284.236
284.236
284.236
284.236
284.236
284.236
284.236
284.236
284.236
284.236
284.236
284.236
284.236
284.236
284.236
284.236
284.236
284.236
284.236
284.236
284.236
284.236
284.236
284.236
284.236
284.236
284.236
284.236
284.236
284.236
284.236
284.236
284.236
284.236
284.236
284.236
284.236
284.236
284.236
284.236
284.236
284.236
284.236
284.236
284.236
284.236
284.236
284.236
284.236
284.236
284.236
284.236
284.236
284.236
284.236
284.236
284.236
284.236
284.236
284.236
284.236
