863.185
835.467
797.622
767.59
745.865
717.678
694.447
670.209
653.832
638.141
618.737
605.26
585.042
577.014
567.456
557.174
546.442
532.613
522.617
509.296
498.948
488.732
485.256
480.645
476.866
471.205
465.718
460.323
452.365
436.541
434.485
433.148
430.35
426.597
420.798
415.46
409.558
407.365
406.696
403.239
396.483
392.139
391.224
387.371
384.705
382.696
375.654
372.905
372.11
370.59
369.622
367.008
362.286
358.007
354.634
350.143
349.61
348.08
346.567
342.545
336.801
336.698
336.132
335.648
334.176
332.881
331.493
328.311
327.022
326.025
325.414
324.8
323.792
321.877
319.867
318.397
318.044
317.284
317.257
317.08
316.37
314.622
314.041
313.069
312.174
311.361
308.965
302.244
284.687
284.644
284.389
282.93
282.032
282.028
281.984
281.665
280.084
279.815
279.81
279.755
279.439
279.12
279.119
279.109
279.04
278.904
278.903
278.9
278.873
278.756
278.738
278.738
278.738
278.738
278.738
278.736
278.728
278.675
278.311
277.89
277.89
277.89
277.89
277.89
277.89
277.89
277.89
277.89
277.89
277.89
277.89
277.89
277.89
277.89
277.89
277.89
277.89
277.89
277.89
277.89
277.89
277.883
277.87
277.803
277.278
274.925
274.545
274.545
274.545
274.545
274.545
274.545
274.545
274.545
274.545
274.545
274.545
274.545
274.545
274.545
274.545
274.545
274.545
274.545
274.545
274.545
274.545
274.545
274.545
274.545
274.545
274.545
274.545
274.545
274.545
274.545
274.545
274.545
274.545
274.545
274.545
274.545
274.545
274.545
274.545
274.545
274.545
274.545
274.545
274.545
274.545
274.545
274.545
274.545
274.545
274.545
274.545
274.545
274.545
274.545
274.545
274.544
274.535
274.47
274.035
273.651
273.651
273.651
273.651
273.651
273.651
273.651
273.651
273.651
273.651
273.651
273.651
273.651
273.651
273.651
273.651
273.651
273.651
273.651
273.651
273.651
273.651
273.651
273.651
273.651
273.651
273.651
273.651
273.651
273.651
273.651
273.651
273.651
273.651
273.651
273.651
273.651
273.651
273.651
273.651
273.651
273.651
273.651
273.651
273.651
