863.185
835.008
797.391
765.69
746.802
717.241
691.776
668.75
635.448
623.808
610.818
590.518
579.18
571.373
556.292
540.775
524.995
512.341
504.071
491.271
478.684
467.672
457.232
453.629
451.58
445.49
438.616
431.822
425.269
421.285
415.839
412.733
407.956
405.962
403.64
398.791
393.23
390.731
386.809
382.573
376.373
374.429
372.368
367.831
364.324
360.689
360.223
357.376
351.251
349.459
346.484
344.312
340.652
331.422
328.481
327.196
325.689
324.804
323.08
321.471
319.993
318.583
317.868
316.189
314.961
313.899
312.541
309.7
307.267
306.667
305.325
305.119
304.576
303.038
302.726
302.572
301.568
300.631
300.473
299.781
299.642
299.36
298.137
292.332
290.425
289.322
288.044
287.143
285.155
281.909
278.607
278.015
278.011
277.983
277.843
277.709
277.635
277.608
277.608
277.608
277.607
277.591
277.475
276.943
276.806
276.747
276.37
276.095
276.095
276.095
276.095
276.095
276.093
276.086
276.033
275.711
275.074
275.074
275.074
275.073
275.063
275.03
275.029
275.029
275.029
275.029
275.029
275.029
275.029
275.029
275.029
275.029
275.029
275.029
275.029
275.029
275.029
275.029
275.029
275.029
275.029
275.029
275.029
275.029
275.029
275.029
275.029
275.029
275.023
275.005
274.944
274.779
273.64
271.984
271.984
271.984
271.983
271.978
271.939
271.718
271.63
271.63
271.63
271.63
271.63
271.63
271.63
271.63
271.63
271.63
271.63
271.63
271.63
271.63
271.63
271.63
271.63
271.63
271.63
271.63
271.63
271.63
271.63
271.63
271.63
271.63
271.63
271.63
271.63
271.63
271.63
271.63
271.63
271.63
271.63
271.63
271.63
271.63
271.63
271.63
271.63
271.63
271.63
271.63
271.63
271.63
271.63
271.63
271.63
271.63
271.63
271.63
271.63
271.63
271.63
271.63
271.63
271.63
271.63
271.63
271.63
271.63
271.63
271.63
271.63
271.63
271.63
271.63
271.63
271.63
271.63
271.63
271.63
271.63
271.63
271.63
271.63
271.63
271.63
271.63
271.63
271.63
271.63
271.63
271.63
271.63
271.63
271.63
271.63
271.63
