867.868
826.948
793.41
761.069
739.109
715.647
689.661
670.147
648.357
632.956
615.42
600.571
586.414
573.356
565.689
555.942
545.6
539.743
529.178
505.356
498.159
488.866
478.426
467.546
462.559
456.418
451.705
442
435.052
430.578
426.307
420.869
414.197
407.636
404.143
399.337
393.276
389.797
385.157
380.348
375.859
371.377
369.065
366.619
364.041
360.389
355.712
353.595
351.675
351.013
349.206
347.615
346.265
344.147
342.461
341.201
340.068
338.942
337.788
335.025
329.279
328.389
327.886
326.023
325.097
323.78
322.493
319.536
318.082
315.216
312.062
311.317
310.757
309.948
308.308
308.001
307.744
307.038
306.981
306.832
306.759
306.603
305.531
302.444
302.191
302.118
301.926
301.865
301.82
301.557
300.145
299.837
299.802
299.698
298.912
294.617
285.167
283.298
282.577
282.577
282.577
282.577
282.577
282.577
282.575
282.571
282.533
282.258
281.857
281.857
281.857
281.857
281.857
281.857
281.857
281.857
281.857
281.857
281.857
281.857
281.857
281.849
281.857
281.857
281.857
281.857
281.857
281.857
281.857
281.857
281.857
281.857
281.857
281.857
281.857
281.857
281.857
281.857
281.857
281.857
281.857
281.857
281.857
281.857
281.857
281.857
281.857
281.857
281.857
281.857
281.857
281.857
281.857
281.857
281.857
281.857
281.857
281.857
281.857
281.857
281.857
281.857
281.857
281.857
281.857
281.857
281.857
281.857
281.857
281.857
281.857
281.857
281.857
281.857
281.857
281.857
281.857
281.857
281.857
281.857
281.857
281.857
281.857
281.857
281.857
281.857
281.857
281.857
281.857
281.857
281.857
281.857
281.857
281.857
281.857
281.857
281.857
281.857
281.857
281.857
281.857
281.827
281.813
281.784
281.754
281.476
280.207
274.545
274.545
274.545
274.545
274.545
274.545
274.545
274.545
274.545
274.545
274.545
274.545
274.545
274.545
274.545
274.545
274.545
274.545
274.545
274.545
274.545
274.545
274.545
274.545
274.545
274.545
274.545
274.545
274.545
274.545
274.545
274.545
274.545
274.545
274.526
274.408
273.86
273.651
273.651
273.651
273.651
273.651
273.651
