867.868
826.756
791.81
758.822
737.335
716.237
691.255
670.305
648.082
631.041
615.108
597.461
578.165
565.124
551.034
535.71
514.942
486.473
482.76
472.096
456.192
442.165
434.276
427.705
424.278
418.292
409.524
401.88
399.91
396.334
392.995
390.117
387.926
386.023
384.641
381.834
377.52
375.319
370.747
368.428
365.103
363.231
359.575
354.652
353.508
351.965
349.711
347.178
344.982
343.441
342.006
340.73
338.373
337.85
337.116
336.297
335.607
334.364
332.905
331.426
329.873
329.4
329.289
329.189
328.549
325.801
324.881
324.575
323.423
322.287
321.104
317.256
314.467
313.752
310.86
310.403
310.299
309.819
308.751
307.725
307.052
306.486
306.474
306.397
306.107
306.034
305.499
302.824
302.274
302.223
301.825
299.693
298.099
297.6
294.981
293.428
293.125
291.55
290.962
290.755
290.544
290.544
290.544
290.544
290.544
290.544
290.544
290.544
290.544
290.544
290.544
290.543
290.539
290.508
290.327
290.225
290.224
290.222
290.212
290.135
290
290
290
290
290
290
290
290
290
290
290
290
290
290
290
290
290
290
290
290
290
290
290
290
290
290
290
290
290
290
290
290
290
290
290
290
290
290
290
290
290
290
290
290
290
290
290
290
290
290
290
290
290
290
290
290
290
290
290
290
290
290
290
290
290
290
290
290
290
290
290
290
290
290
290
290
290
290
290
290
290
290
290
290
290
290
290
290
290
290
290
290
290
290
290
290
290
290
290
290
290
290
290
290
290
290
290
290
290
290
290
290
290
290
290
290
290
290
290
290
290
290
290
290
290
290
290
290
290
290
