905.676
873.472
833.675
766.6
745.723
724.036
706.525
689.782
671.372
656.353
639.187
615.931
591.451
586.547
570.666
553.413
547.235
535.761
524.527
512.414
504.28
495.495
484.432
472.069
462.097
453.95
447.033
441.87
434.861
429.095
419.196
413.304
407.021
399.624
391.21
385.586
382.571
375.293
368.166
358.89
353.75
351.989
351.178
349.388
346.17
340.664
330.269
327.022
321.125
316.821
308.741
302.887
299.306
298.563
297.892
295.885
294.153
293.589
293.296
292.717
292.343
290.715
290.511
289.541
288.574
287.228
286.622
285.07
284.093
283.836
283.776
283.444
283.03
282.618
282.51
282.51
282.509
282.506
282.473
282.306
282.281
282.281
282.281
282.281
282.281
282.281
282.281
282.281
282.281
282.281
282.281
282.281
282.281
282.281
282.281
282.278
282.269
282.269
282.269
282.269
282.269
282.269
282.269
282.269
282.269
282.269
282.269
282.269
282.268
282.262
282.212
281.925
281.747
281.747
281.747
281.747
281.747
281.747
281.747
281.742
281.706
281.425
279.805
279.238
279.238
279.238
279.238
279.238
279.238
279.238
279.238
279.238
279.238
279.238
279.238
279.238
279.238
279.238
279.238
279.238
279.238
279.238
279.237
279.232
279.2
278.995
278.672
278.672
278.672
278.672
278.672
278.672
278.672
278.672
278.672
278.672
278.672
278.672
278.672
278.672
278.672
278.672
278.672
278.672
278.672
278.672
278.672
278.672
278.672
278.672
278.672
278.672
278.672
278.672
278.672
278.672
278.672
278.672
278.672
278.672
278.672
278.672
278.672
278.672
278.672
278.672
278.672
278.672
278.672
278.672
278.672
278.672
278.672
278.672
278.672
278.672
278.672
278.672
278.672
278.672
278.672
278.672
278.672
278.672
278.672
278.672
278.672
278.672
278.672
278.672
278.672
278.672
278.672
278.672
278.672
278.672
278.672
278.672
278.672
278.672
278.672
278.672
278.672
278.672
278.672
278.672
278.672
278.672
278.672
278.672
278.672
278.672
278.672
278.672
278.672
278.672
278.672
278.672
278.672
278.672
278.672
278.648
278.573
278.16
275.584
274.128
273.651
273.651
273.651
273.651
