905.676
873.478
834.046
810.287
791.308
760.944
737.88
716.866
701.958
688.658
674.347
655.9
638.624
627.989
615.219
602.262
586.488
572.504
559.149
552.2
536.72
527.226
520.951
514.839
505.597
496.636
484.173
471.48
461.527
457.185
453.218
450.371
446.899
442.145
437.029
429.9
426.743
423.878
422.232
419.113
415.201
408.633
402.587
395.946
392.617
392.409
391.14
385.981
382.928
380.655
378.273
375.752
371.754
370.329
367.126
364.779
362.516
361.282
359.321
356.621
352.7
351.323
348.059
343.855
342.48
341.078
339.504
337.996
335.937
333.356
331.319
329.426
329.45
329.376
329.05
328.09
327.607
326.788
325.531
322.904
318.693
317.073
313.464
309.642
308.473
305.536
305.015
303.915
303.869
303.569
302.358
299.866
298.534
298.355
297.39
296.789
296.651
296.398
295.183
293.188
293.159
293.042
292.513
292.205
291.598
290.779
290.679
290.013
289.879
289.879
289.874
289.874
289.879
289.876
289.874
289.845
289.62
288.858
288.856
288.851
288.828
288.728
288.353
288.16
287.09
285.613
285.608
285.598
285.548
285.424
284.445
283.255
283.255
283.253
283.253
283.253
283.253
283.255
283.255
283.254
283.246
283.198
283.173
283.172
283.172
283.167
283.14
283.128
283.128
283.128
283.127
283.126
283.118
283.065
283.024
283.024
283.024
283.024
283.024
283.024
283.024
283.024
283.024
283.024
283.024
283.021
283.024
283.024
283.024
283.024
283.024
283.024
283.024
283.024
283.024
283.021
283.016
283.014
283.004
282.971
282.825
281.859
281.763
281.763
281.763
281.763
281.763
281.763
281.763
281.763
281.763
281.763
281.763
281.763
281.763
281.763
281.763
281.763
281.763
281.763
281.763
281.763
281.763
281.763
281.763
281.763
281.763
281.761
281.744
281.619
280.841
280.349
280.349
280.349
280.349
280.349
280.349
280.349
280.349
280.349
280.349
280.349
280.349
280.349
280.349
280.349
280.349
280.349
280.349
280.349
280.349
280.349
280.349
280.349
280.349
280.349
280.349
280.349
280.349
280.349
280.349
280.349
280.349
280.349
280.349
280.349
280.349
280.349
280.349
280.349
