           1        1.54        1.54           0
           2        1.54        1.54           0
           3        1.54        1.54           0
           4        1.54        1.54           0
           5        1.54        1.54           0
           6        1.54        1.54 8.60319e-09
           7        1.54        1.54 7.96501e-09
           8        1.54        1.54 7.45058e-09
           9        1.54        1.54 7.02447e-09
          10        1.54        1.54 9.42432e-09
          11        1.54        1.54 8.98574e-09
          12        1.54        1.54 8.60319e-09
          13        1.54        1.54 1.16894e-08
          14        1.54        1.54 1.12642e-08
          15        1.54        1.54 1.08823e-08
          16        1.54        1.54 1.05367e-08
          17        1.54        1.54 1.02221e-08
          18        1.54        1.54 9.93411e-09
          19        1.54        1.54 9.66915e-09
          20        1.54        1.54 9.42432e-09
          21        1.54        1.54  9.1972e-09
          22        1.54        1.54 1.00464e-08
          23        1.54        1.54 9.82553e-09
          24        1.54        1.54 9.61866e-09
          25        1.54        1.54 9.42432e-09
          26        1.54        1.54 9.24131e-09
          27        1.54        1.54 9.06856e-09
          28        1.54        1.54 8.90515e-09
          29        1.54        1.54 8.75026e-09
          30        1.54        1.54 8.60319e-09
          31        1.54        1.54 8.46329e-09
          32        1.54        1.54    8.33e-09
          33        1.54        1.54 8.20282e-09
          34        1.54        1.54 8.08129e-09
          35        1.54        1.54 7.96501e-09
          36        1.54        1.54  7.8536e-09
          37        1.54        1.54 7.74674e-09
          38        1.54        1.54 7.64413e-09
          39        1.54        1.54  7.5455e-09
          40        1.54        1.54 7.45058e-09
          41        1.54        1.54 7.35916e-09
          42        1.54        1.54  6.5034e-09
          43        1.54        1.54 6.42733e-09
          44        1.54        1.54 4.49287e-09
          45        1.54        1.54 3.14144e-09
          46        1.54        1.54 3.10711e-09
          47        1.54        1.54 3.07387e-09
          48        1.54        1.54 3.04169e-09
          49        1.54        1.54 4.25747e-09
          50        1.54        1.54 4.21468e-09
          51        1.54        1.54 5.90174e-09
          52        1.54        1.54 5.84472e-09
          53        1.54        1.54 7.09043e-09
          54        1.54        1.54 7.02447e-09
          55        1.54        1.54 7.51801e-09
          56        1.54        1.54 7.45058e-09
          57        1.54        1.54 8.37373e-09
          58        1.54        1.54 8.30123e-09
          59        1.54        1.54 8.23058e-09
          60        1.54        1.54 8.60319e-09
          61        1.54        1.54 8.53238e-09
          62        1.54        1.54 8.46329e-09
          63        1.54        1.54  9.1972e-09
          64        1.54        1.54 9.12506e-09
          65        1.54        1.54  9.0546e-09
          66        1.54        1.54 9.35265e-09
          67        1.54        1.54 9.28259e-09
          68        1.54        1.54 9.21409e-09
          69        1.54        1.54 9.14708e-09
          70        1.54        1.54  9.7551e-09
          71        1.54        1.54 9.68616e-09
          72        1.54        1.54 9.61866e-09
          73        1.54        1.54 9.55255e-09
          74        1.54        1.54 9.79894e-09
          75        1.54        1.54  9.7334e-09
          76        1.54        1.54 9.66915e-09
          77        1.54        1.54 9.60616e-09
          78        1.54        1.54 1.01233e-08
          79        1.54        1.54 1.00591e-08
          80        1.54        1.54   9.996e-09
          81        1.54        1.54 9.93411e-09
          82        1.54        1.54 9.87335e-09
          83        1.54        1.54 1.00826e-08
          84        1.54        1.54 1.00224e-08
          85        1.54        1.54 9.69755e-09
          86        1.54        1.54   9.641e-09
          87        1.54        1.54 9.03723e-09
          88        1.54        1.54 8.98574e-09
          89        1.54        1.54 8.65139e-09
          90        1.54        1.54 8.60319e-09
          91        1.54        1.54 7.96501e-09
          92        1.54        1.54  7.9216e-09
          93        1.54        1.54  7.5698e-09
          94        1.54        1.54 7.52942e-09
          95        1.54        1.54 6.83712e-09
          96        1.54        1.54 6.80142e-09
          97        1.54        1.54 6.41905e-09
          98        1.54        1.54 6.38621e-09
          99        1.54        1.54 5.60359e-09
         100        1.54        1.54  5.5755e-09
         101        1.54        1.54 5.54783e-09
         102        1.54        1.54 5.11106e-09
         103        1.54        1.54 5.08618e-09
         104        1.54        1.54 4.13284e-09
         105        1.54        1.54 4.11311e-09
         106        1.54        1.54 4.09366e-09
         107        1.54        1.54  2.8811e-09
         108        1.54        1.54 2.86773e-09
         109        1.54        1.54 2.85454e-09
         110        1.54        1.54 2.00927e-09
         111        1.54        1.54  2.0002e-09
         112        1.54        1.54 1.99125e-09
         113        1.54        1.54 1.98242e-09
         114        1.54        1.54 1.97371e-09
         115        1.54        1.54 1.96511e-09
         116        1.54        1.54 2.76708e-09
         117        1.54        1.54 2.75523e-09
         118        1.54        1.54 2.74353e-09
         119        1.54        1.54  3.8636e-09
         120        1.54        1.54 3.84746e-09
         121        1.54        1.54 3.83153e-09
         122        1.54        1.54  3.8158e-09
         123        1.54        1.54 4.24881e-09
         124        1.54        1.54 4.23165e-09
         125        1.54        1.54 4.21468e-09
         126        1.54        1.54 4.19793e-09
         127        1.54        1.54 4.94746e-09
         128        1.54        1.54  4.9281e-09
         129        1.54        1.54 4.90896e-09
         130        1.54        1.54 4.89004e-09
         131        1.54        1.54 5.20768e-09
         132        1.54        1.54 5.18792e-09
         133        1.54        1.54 5.16838e-09
         134        1.54        1.54 5.14906e-09
         135        1.54        1.54 5.73546e-09
         136        1.54        1.54 5.71433e-09
         137        1.54        1.54 5.69344e-09
         138        1.54        1.54 5.67278e-09
         139        1.54        1.54 5.92822e-09
         140        1.54        1.54 5.90701e-09
         141        1.54        1.54 5.88602e-09
         142        1.54        1.54 5.86526e-09
         143        1.54        1.54 5.84472e-09
         144        1.54        1.54 6.33178e-09
         145        1.54        1.54  6.3099e-09
         146        1.54        1.54 6.28826e-09
         147        1.54        1.54 6.26683e-09
         148        1.54        1.54 6.24563e-09
         149        1.54        1.54 6.45961e-09
         150        1.54        1.54 6.43804e-09
         151        1.54        1.54 6.41668e-09
         152        1.54        1.54 6.39554e-09
         153        1.54        1.54 6.37461e-09
         154        1.54        1.54 6.35388e-09
         155        1.54        1.54 6.77063e-09
         156        1.54        1.54  6.7489e-09
         157        1.54        1.54 6.72737e-09
         158        1.54        1.54 6.70605e-09
         159        1.54        1.54 6.68493e-09
         160        1.54        1.54   6.664e-09
         161        1.54        1.54 7.04626e-09
         162        1.54        1.54 7.02447e-09
         163        1.54        1.54 7.00289e-09
         164        1.54        1.54 6.98151e-09
         165        1.54        1.54 6.96032e-09
         166        1.54        1.54 6.93933e-09
         167        1.54        1.54 6.91852e-09
         168        1.54        1.54  6.5034e-09
         169        1.54        1.54 6.06535e-09
         170        1.54        1.54 6.04748e-09
         171        1.54        1.54 5.81044e-09
         172        1.54        1.54 5.79352e-09
         173        1.54        1.54 5.31384e-09
         174        1.54        1.54 5.29855e-09
         175        1.54        1.54 5.03751e-09
         176        1.54        1.54 4.49287e-09
         177        1.54        1.54 4.48016e-09
         178        1.54        1.54 4.17902e-09
         179        1.54        1.54 4.16733e-09
         180        1.54        1.54 3.51224e-09
         181        1.54        1.54 3.50252e-09
         182        1.54        1.54 3.12413e-09
         183        1.54        1.54 3.11558e-09
         184        1.54        1.54 2.19706e-09
         185        1.54        1.54 2.19111e-09
         186        1.54        1.54 1.54518e-09
         187        1.54        1.54 1.54104e-09
         188        1.54        1.54 1.53694e-09
         189        1.54        1.54 1.53287e-09
         190        1.54        1.54 2.16209e-09
         191        1.54        1.54 2.15642e-09
         192        1.54        1.54 3.04169e-09
         193        1.54        1.54  3.0338e-09
         194        1.54        1.54 3.70604e-09
         195        1.54        1.54 3.69652e-09
         196        1.54        1.54 3.68708e-09
         197        1.54        1.54 3.97238e-09
         198        1.54        1.54 3.96234e-09
         199        1.54        1.54 4.48157e-09
         200        1.54        1.54 4.47035e-09
         201        1.54        1.54 4.70042e-09
         202        1.54        1.54 4.68878e-09
         203        1.54        1.54 5.12363e-09
         204        1.54        1.54 5.11106e-09
         205        1.54        1.54 5.09857e-09
         206        1.54        1.54 5.29387e-09
         207        1.54        1.54 5.28107e-09
         208        1.54        1.54 5.65912e-09
         209        1.54        1.54 5.64557e-09
         210        1.54        1.54 5.63211e-09
         211        1.54        1.54 5.80302e-09
         212        1.54        1.54 5.78931e-09
         213        1.54        1.54 5.77571e-09
         214        1.54        1.54 6.11173e-09
         215        1.54        1.54  6.0975e-09
         216        1.54        1.54 6.25007e-09
         217        1.54        1.54 6.39765e-09
         218        1.54        1.54 6.38296e-09
         219        1.54        1.54 6.82931e-09
         220        1.54        1.54 6.81377e-09
         221        1.54        1.54 6.94456e-09
         222        1.54        1.54 7.34921e-09
         223        1.54        1.54 7.33271e-09
         224        1.54        1.54 7.45058e-09
         225        1.54        1.54 7.56559e-09
         226        1.54        1.54 7.67788e-09
         227        1.54        1.54 7.66095e-09
         228        1.54        1.54 8.01724e-09
         229        1.54        1.54 7.99971e-09
         230        1.54        1.54 8.10234e-09
         231        1.54        1.54 8.20282e-09
         232        1.54        1.54 8.30123e-09
         233        1.54        1.54  8.2834e-09
         234        1.54        1.54 8.60319e-09
         235        1.54        1.54 8.58487e-09
         236        1.54        1.54 8.67579e-09
         237        1.54        1.54 8.76502e-09
         238        1.54        1.54 8.85261e-09
         239        1.54        1.54 8.83407e-09
         240        1.54        1.54 9.12506e-09
         241        1.54        1.54 9.10611e-09
         242        1.54        1.54 9.18769e-09
         243        1.54        1.54 9.16877e-09
         244        1.54        1.54 9.34675e-09
         245        1.54        1.54 9.32766e-09
         246        1.54        1.54 9.40515e-09
         247        1.54        1.54 9.57573e-09
         248        1.54        1.54 9.64964e-09
         249        1.54        1.54 9.63024e-09
         250        1.54        1.54 9.61096e-09
         251        1.54        1.54 9.77451e-09
         252        1.54        1.54  9.7551e-09
         253        1.54        1.54 9.82553e-09
         254        1.54        1.54 9.80617e-09
         255        1.54        1.54 1.00503e-08
         256        1.54        1.54 1.00307e-08
         257        1.54        1.54 1.00111e-08
         258        1.54        1.54 1.01625e-08
         259        1.54        1.54 1.01429e-08
         260        1.54        1.54 1.02074e-08
         261        1.54        1.54 1.01878e-08
         262        1.54        1.54 1.03337e-08
         263        1.54        1.54 1.03955e-08
         264        1.54        1.54 1.03758e-08
         265        1.54        1.54 1.04368e-08
         266        1.54        1.54 1.05762e-08
         267        1.54        1.54 1.05564e-08
         268        1.54        1.54 1.06151e-08
         269        1.54        1.54 1.05953e-08
         270        1.54        1.54 1.06531e-08
         271        1.54        1.54 1.07102e-08
         272        1.54        1.54 1.06905e-08
         273        1.54        1.54 1.07469e-08
         274        1.54        1.54 1.07273e-08
         275        1.54        1.54 1.08575e-08
         276        1.54        1.54 1.09118e-08
         277        1.54        1.54 1.08921e-08
         278        1.54        1.54 1.08725e-08
         279        1.54        1.54 1.09987e-08
         280        1.54        1.54  1.0979e-08
         281        1.54        1.54 1.10313e-08
         282        1.54        1.54 1.10117e-08
         283        1.54        1.54 1.09923e-08
         284        1.54        1.54 1.11846e-08
         285        1.54        1.54  1.1165e-08
         286        1.54        1.54 1.11454e-08
         287        1.54        1.54 1.11953e-08
         288        1.54        1.54 1.11759e-08
         289        1.54        1.54 1.12252e-08
         290        1.54        1.54 1.12739e-08
         291        1.54        1.54 1.12545e-08
         292        1.54        1.54 1.12352e-08
         293        1.54        1.54 1.12834e-08
         294        1.54        1.54 1.13975e-08
         295        1.54        1.54 1.13782e-08
         296        1.54        1.54  1.1359e-08
         297        1.54        1.54 1.14056e-08
         298        1.54        1.54 1.13864e-08
         299        1.54        1.54 1.14325e-08
         300        1.54        1.54 1.14781e-08
         301        1.54        1.54  1.1459e-08
         302        1.54        1.54   1.144e-08
         303        1.54        1.54 1.14851e-08
         304        1.54        1.54 1.15929e-08
         305        1.54        1.54 1.15739e-08
         306        1.54        1.54  1.1555e-08
         307        1.54        1.54 1.15986e-08
         308        1.54        1.54 1.15798e-08
         309        1.54        1.54 1.15611e-08
         310        1.54        1.54 1.16658e-08
         311        1.54        1.54 1.16471e-08
         312        1.54        1.54 1.16284e-08
         313        1.54        1.54 1.16098e-08
         314        1.54        1.54 1.16521e-08
         315        1.54        1.54 1.17542e-08
         316        1.54        1.54 1.17356e-08
         317        1.54        1.54 1.17767e-08
         318        1.54        1.54 1.17582e-08
         319        1.54        1.54 1.17397e-08
         320        1.54        1.54 1.17214e-08
         321        1.54        1.54 1.18207e-08
         322        1.54        1.54 1.18023e-08
         323        1.54        1.54  1.1784e-08
         324        1.54        1.54 1.17658e-08
         325        1.54        1.54 1.18057e-08
         326        1.54        1.54 1.17876e-08
         327        1.54        1.54 1.18844e-08
         328        1.54        1.54 1.18663e-08
         329        1.54        1.54 1.19051e-08
         330        1.54        1.54  1.1887e-08
         331        1.54        1.54  1.1869e-08
         332        1.54        1.54 1.18512e-08
         333        1.54        1.54 1.18896e-08
         334        1.54        1.54 1.18718e-08
         335        1.54        1.54 1.17417e-08
         336        1.54        1.54 1.17242e-08
         337        1.54        1.54 1.17068e-08
         338        1.54        1.54 1.15765e-08
         339        1.54        1.54 1.15594e-08
         340        1.54        1.54 1.14857e-08
         341        1.54        1.54 1.15255e-08
         342        1.54        1.54 1.13952e-08
         343        1.54        1.54 1.13786e-08
         344        1.54        1.54 1.13051e-08
         345        1.54        1.54 1.12315e-08
         346        1.54        1.54 1.12153e-08
         347        1.54        1.54 1.11418e-08
         348        1.54        1.54 1.11258e-08
         349        1.54        1.54 1.10524e-08
         350        1.54        1.54 1.10366e-08
         351        1.54        1.54 1.09634e-08
         352        1.54        1.54 1.08319e-08
         353        1.54        1.54 1.08166e-08
         354        1.54        1.54 1.08013e-08
         355        1.54        1.54  1.0786e-08
         356        1.54        1.54 1.06544e-08
         357        1.54        1.54 1.06395e-08
         358        1.54        1.54 1.05072e-08
         359        1.54        1.54 1.05514e-08
         360        1.54        1.54  1.0478e-08
         361        1.54        1.54 1.04635e-08
         362        1.54        1.54  1.0331e-08
         363        1.54        1.54 1.03758e-08
         364        1.54        1.54 1.03025e-08
         365        1.54        1.54 1.02884e-08
         366        1.54        1.54 1.01556e-08
         367        1.54        1.54 1.01417e-08
         368        1.54        1.54 1.01279e-08
         369        1.54        1.54 1.01142e-08
         370        1.54        1.54 9.98098e-09
         371        1.54        1.54 9.96752e-09
         372        1.54        1.54 9.89397e-09
         373        1.54        1.54 9.94076e-09
         374        1.54        1.54 9.80713e-09
         375        1.54        1.54 9.79404e-09
         376        1.54        1.54 9.72045e-09
         377        1.54        1.54 9.70755e-09
         378        1.54        1.54 9.63391e-09
         379        1.54        1.54  9.6212e-09
         380        1.54        1.54 9.54752e-09
         381        1.54        1.54 9.53498e-09
         382        1.54        1.54 9.39962e-09
         383        1.54        1.54 9.38734e-09
         384        1.54        1.54 9.31323e-09
         385        1.54        1.54 9.30112e-09
         386        1.54        1.54 9.22693e-09
         387        1.54        1.54   9.215e-09
         388        1.54        1.54 9.20312e-09
         389        1.54        1.54 9.12897e-09
         390        1.54        1.54 9.11726e-09
         391        1.54        1.54 9.04301e-09
         392        1.54        1.54 9.03147e-09
         393        1.54        1.54 8.89381e-09
         394        1.54        1.54 8.88252e-09
         395        1.54        1.54 8.87127e-09
         396        1.54        1.54 8.86006e-09
         397        1.54        1.54 8.84889e-09
         398        1.54        1.54  8.7106e-09
         399        1.54        1.54 8.69968e-09
         400        1.54        1.54  8.6888e-09
         401        1.54        1.54 8.67795e-09
         402        1.54        1.54 8.53875e-09
         403        1.54        1.54 8.52814e-09
         404        1.54        1.54 8.51758e-09
         405        1.54        1.54 8.44237e-09
         406        1.54        1.54 8.49658e-09
         407        1.54        1.54 8.35657e-09
         408        1.54        1.54 8.34632e-09
         409        1.54        1.54 8.20482e-09
         410        1.54        1.54 8.19481e-09
         411        1.54        1.54 8.18484e-09
         412        1.54        1.54  8.1749e-09
         413        1.54        1.54   8.165e-09
         414        1.54        1.54 8.02252e-09
         415        1.54        1.54 8.01284e-09
         416        1.54        1.54 8.00321e-09
         417        1.54        1.54 7.92671e-09
         418        1.54        1.54 7.91722e-09
         419        1.54        1.54  7.9745e-09
         420        1.54        1.54 7.83113e-09
         421        1.54        1.54 7.82182e-09
         422        1.54        1.54 7.74491e-09
         423        1.54        1.54 7.73575e-09
         424        1.54        1.54 7.72662e-09
         425        1.54        1.54 7.64953e-09
         426        1.54        1.54 7.64054e-09
         427        1.54        1.54 7.56315e-09
         428        1.54        1.54 7.55431e-09
         429        1.54        1.54  7.5455e-09
         430        1.54        1.54 7.39842e-09
         431        1.54        1.54 7.38983e-09
         432        1.54        1.54 7.38127e-09
         433        1.54        1.54 7.30286e-09
         434        1.54        1.54 7.29444e-09
         435        1.54        1.54 7.28605e-09
         436        1.54        1.54 7.20737e-09
         437        1.54        1.54 7.19912e-09
         438        1.54        1.54 7.12005e-09
         439        1.54        1.54 7.11194e-09
         440        1.54        1.54 7.10385e-09
         441        1.54        1.54 6.95243e-09
         442        1.54        1.54 6.94456e-09
         443        1.54        1.54  7.0086e-09
         444        1.54        1.54 6.85634e-09
         445        1.54        1.54 6.84864e-09
         446        1.54        1.54 6.84095e-09
         447        1.54        1.54 6.76021e-09
         448        1.54        1.54 6.75266e-09
         449        1.54        1.54 6.74514e-09
         450        1.54        1.54   6.664e-09
         451        1.54        1.54 6.65661e-09
         452        1.54        1.54 6.64924e-09
         453        1.54        1.54 6.56769e-09
         454        1.54        1.54 6.56045e-09
         455        1.54        1.54 6.55324e-09
         456        1.54        1.54 6.39554e-09
         457        1.54        1.54 6.46415e-09
         458        1.54        1.54 6.45709e-09
         459        1.54        1.54 6.37461e-09
         460        1.54        1.54 6.36767e-09
         461        1.54        1.54 6.36076e-09
         462        1.54        1.54 6.20075e-09
         463        1.54        1.54 6.19405e-09
         464        1.54        1.54 6.18737e-09
         465        1.54        1.54 6.18071e-09
         466        1.54        1.54 6.17408e-09
         467        1.54        1.54 6.16746e-09
         468        1.54        1.54 6.16087e-09
         469        1.54        1.54 5.99847e-09
         470        1.54        1.54 5.99209e-09
         471        1.54        1.54 5.98572e-09
         472        1.54        1.54 5.90018e-09
         473        1.54        1.54 5.97305e-09
         474        1.54        1.54 5.96675e-09
         475        1.54        1.54 5.80149e-09
         476        1.54        1.54 5.79539e-09
         477        1.54        1.54 5.78931e-09
         478        1.54        1.54 5.70237e-09
         479        1.54        1.54 5.69641e-09
         480        1.54        1.54 5.69047e-09
         481        1.54        1.54 5.76519e-09
         482        1.54        1.54 5.59695e-09
         483        1.54        1.54 5.59115e-09
         484        1.54        1.54 5.58537e-09
         485        1.54        1.54 5.41301e-09
         486        1.54        1.54 5.40744e-09
         487        1.54        1.54 5.40189e-09
         488        1.54        1.54 5.39635e-09
         489        1.54        1.54 5.30593e-09
         490        1.54        1.54 5.38533e-09
         491        1.54        1.54 5.37984e-09
         492        1.54        1.54 5.20371e-09
         493        1.54        1.54 5.19843e-09
         494        1.54        1.54 5.19317e-09
         495        1.54        1.54 5.18792e-09
         496        1.54        1.54 5.09558e-09
         497        1.54        1.54 5.09045e-09
         498        1.54        1.54 5.08533e-09
         499        1.54        1.54 4.99188e-09
         500        1.54        1.54 4.98688e-09
         501        1.54        1.54  4.9819e-09
         502        1.54        1.54 4.97694e-09
         503        1.54        1.54  4.8824e-09
         504        1.54        1.54 4.87755e-09
         505        1.54        1.54 4.87272e-09
         506        1.54        1.54  4.8679e-09
         507        1.54        1.54 4.67952e-09
         508        1.54        1.54 4.76749e-09
         509        1.54        1.54 4.76281e-09
         510        1.54        1.54 4.75813e-09
         511        1.54        1.54 4.66117e-09
         512        1.54        1.54 4.65661e-09
         513        1.54        1.54 4.65207e-09
         514        1.54        1.54 4.45777e-09
         515        1.54        1.54 4.45344e-09
         516        1.54        1.54 4.44912e-09
         517        1.54        1.54 4.54041e-09
         518        1.54        1.54 4.44052e-09
         519        1.54        1.54 4.43624e-09
         520        1.54        1.54 4.43198e-09
         521        1.54        1.54 4.42772e-09
         522        1.54        1.54 4.22678e-09
         523        1.54        1.54 4.22274e-09
         524        1.54        1.54  4.2187e-09
         525        1.54        1.54 4.21468e-09
         526        1.54        1.54  4.1092e-09
         527        1.54        1.54 4.20668e-09
         528        1.54        1.54 4.20269e-09
         529        1.54        1.54 4.19872e-09
         530        1.54        1.54 3.99001e-09
         531        1.54        1.54 3.98625e-09
         532        1.54        1.54  3.9825e-09
         533        1.54        1.54 3.97877e-09
         534        1.54        1.54 3.97504e-09
         535        1.54        1.54 3.75649e-09
         536        1.54        1.54 3.75299e-09
         537        1.54        1.54  3.8582e-09
         538        1.54        1.54 3.85461e-09
         539        1.54        1.54 3.74253e-09
         540        1.54        1.54 3.73906e-09
         541        1.54        1.54  3.7356e-09
         542        1.54        1.54 3.73216e-09
         543        1.54        1.54 3.50252e-09
         544        1.54        1.54  3.4993e-09
         545        1.54        1.54 3.49609e-09
         546        1.54        1.54 3.49289e-09
         547        1.54        1.54 3.37136e-09
         548        1.54        1.54 3.48651e-09
         549        1.54        1.54 3.48333e-09
         550        1.54        1.54 3.48016e-09
         551        1.54        1.54   3.477e-09
         552        1.54        1.54 3.23398e-09
         553        1.54        1.54 3.23105e-09
         554        1.54        1.54 3.22814e-09
         555        1.54        1.54 3.22523e-09
         556        1.54        1.54 3.09591e-09
         557        1.54        1.54 3.09313e-09
         558        1.54        1.54 3.09036e-09
         559        1.54        1.54 3.21367e-09
         560        1.54        1.54  3.2108e-09
         561        1.54        1.54 2.95087e-09
         562        1.54        1.54 2.94824e-09
         563        1.54        1.54 2.94562e-09
         564        1.54        1.54 2.94301e-09
         565        1.54        1.54 2.94041e-09
         566        1.54        1.54 2.80109e-09
         567        1.54        1.54 2.79862e-09
         568        1.54        1.54 2.79615e-09
         569        1.54        1.54 2.79369e-09
         570        1.54        1.54 2.49656e-09
         571        1.54        1.54 2.64569e-09
         572        1.54        1.54 2.64337e-09
         573        1.54        1.54 2.64106e-09
         574        1.54        1.54 2.63876e-09
         575        1.54        1.54 2.48569e-09
         576        1.54        1.54 2.48353e-09
         577        1.54        1.54 2.48137e-09
         578        1.54        1.54 2.47923e-09
         579        1.54        1.54 2.47708e-09
         580        1.54        1.54 2.14337e-09
         581        1.54        1.54 2.14152e-09
         582        1.54        1.54 2.13968e-09
         583        1.54        1.54 2.30914e-09
         584        1.54        1.54 2.30716e-09
         585        1.54        1.54 1.94824e-09
         586        1.54        1.54 1.94658e-09
         587        1.54        1.54 1.94492e-09
         588        1.54        1.54 1.94326e-09
         589        1.54        1.54 1.94161e-09
         590        1.54        1.54 1.73516e-09
         591        1.54        1.54 1.73369e-09
         592        1.54        1.54 1.73222e-09
         593        1.54        1.54 1.73076e-09
         594        1.54        1.54 1.72931e-09
         595        1.54        1.54 1.49636e-09
         596        1.54        1.54 1.49511e-09
         597        1.54        1.54 1.49386e-09
         598        1.54        1.54 1.49261e-09
         599        1.54        1.54 1.49136e-09
         600        1.54        1.54 1.21667e-09
         601        1.54        1.54 1.21566e-09
         602        1.54        1.54 1.21465e-09
         603        1.54        1.54 1.21364e-09
         604        1.54        1.54 1.21264e-09
         605        1.54        1.54 1.21164e-09
         606        1.54        1.54           0
         607        1.54        1.54           0
         608        1.54        1.54  8.5464e-10
         609        1.54        1.54 8.53938e-10
         610        1.54        1.54 8.53238e-10
         611        1.54        1.54           0
         612        1.54        1.54           0
         613        1.54        1.54           0
         614        1.54        1.54           0
         615        1.54        1.54           0
         616        1.54        1.54           0
         617        1.54        1.54  1.1998e-09
         618        1.54        1.54 1.19883e-09
         619        1.54        1.54 1.19786e-09
         620        1.54        1.54 1.19689e-09
         621        1.54        1.54 1.19593e-09
         622        1.54        1.54 1.19496e-09
         623        1.54        1.54   1.194e-09
         624        1.54        1.54 1.19305e-09
         625        1.54        1.54 1.19209e-09
         626        1.54        1.54 1.19114e-09
         627        1.54        1.54 1.19019e-09
         628        1.54        1.54 1.68184e-09
         629        1.54        1.54  1.6805e-09
         630        1.54        1.54 1.67917e-09
         631        1.54        1.54 1.67784e-09
         632        1.54        1.54 1.67651e-09
         633        1.54        1.54 1.67519e-09
         634        1.54        1.54 1.87144e-09
         635        1.54        1.54 1.86996e-09
         636        1.54        1.54 1.67123e-09
         637        1.54        1.54 1.66992e-09
         638        1.54        1.54 1.66861e-09
         639        1.54        1.54  1.6673e-09
         640        1.54        1.54 2.04043e-09
         641        1.54        1.54 2.03883e-09
         642        1.54        1.54 2.03724e-09
         643        1.54        1.54 2.03566e-09
         644        1.54        1.54 2.03408e-09
         645        1.54        1.54  2.0325e-09
         646        1.54        1.54 2.19365e-09
         647        1.54        1.54 2.19196e-09
         648        1.54        1.54 2.19026e-09
         649        1.54        1.54 2.18858e-09
         650        1.54        1.54 2.18689e-09
         651        1.54        1.54 2.02311e-09
         652        1.54        1.54  2.3343e-09
         653        1.54        1.54 2.33251e-09
         654        1.54        1.54 2.33073e-09
         655        1.54        1.54 2.32895e-09
         656        1.54        1.54 2.32717e-09
         657        1.54        1.54  2.3254e-09
         658        1.54        1.54  2.5979e-09
         659        1.54        1.54 2.59593e-09
         660        1.54        1.54 2.59396e-09
         661        1.54        1.54   2.592e-09
         662        1.54        1.54 2.59004e-09
         663        1.54        1.54 2.58808e-09
         664        1.54        1.54 2.58613e-09
         665        1.54        1.54 2.58419e-09
         666        1.54        1.54 2.58225e-09
         667        1.54        1.54  2.4479e-09
         668        1.54        1.54 2.44607e-09
         669        1.54        1.54 2.44424e-09
         670        1.54        1.54 2.57453e-09
         671        1.54        1.54 2.57261e-09
         672        1.54        1.54 2.57069e-09
         673        1.54        1.54 2.56878e-09
         674        1.54        1.54 2.56688e-09
         675        1.54        1.54 2.56498e-09
         676        1.54        1.54 2.80771e-09
         677        1.54        1.54 2.80564e-09
         678        1.54        1.54 2.80357e-09
         679        1.54        1.54  2.8015e-09
         680        1.54        1.54 2.79944e-09
         681        1.54        1.54 2.79738e-09
         682        1.54        1.54 2.79533e-09
         683        1.54        1.54 2.79329e-09
         684        1.54        1.54 2.79124e-09
         685        1.54        1.54 2.78921e-09
         686        1.54        1.54 2.78717e-09
         687        1.54        1.54 2.78514e-09
         688        1.54        1.54 2.78312e-09
         689        1.54        1.54  2.7811e-09
         690        1.54        1.54 3.00175e-09
         691        1.54        1.54 2.99958e-09
         692        1.54        1.54 2.99741e-09
         693        1.54        1.54 2.99525e-09
         694        1.54        1.54 2.99309e-09
         695        1.54        1.54 2.99093e-09
         696        1.54        1.54 2.98878e-09
         697        1.54        1.54 3.09147e-09
         698        1.54        1.54 3.08925e-09
         699        1.54        1.54 3.08704e-09
         700        1.54        1.54 2.98023e-09
         701        1.54        1.54 2.97811e-09
         702        1.54        1.54 2.97598e-09
         703        1.54        1.54 2.97387e-09
         704        1.54        1.54 3.17694e-09
         705        1.54        1.54 3.17468e-09
         706        1.54        1.54 3.17244e-09
         707        1.54        1.54 3.17019e-09
         708        1.54        1.54 3.16795e-09
         709        1.54        1.54 3.16572e-09
         710        1.54        1.54 3.16349e-09
         711        1.54        1.54 3.25855e-09
         712        1.54        1.54 3.25626e-09
         713        1.54        1.54 3.25398e-09
         714        1.54        1.54  3.2517e-09
         715        1.54        1.54 3.24943e-09
         716        1.54        1.54 3.24716e-09
         717        1.54        1.54 3.24489e-09
         718        1.54        1.54 3.24263e-09
         719        1.54        1.54 3.33432e-09
         720        1.54        1.54   3.332e-09
         721        1.54        1.54 3.32969e-09
         722        1.54        1.54 3.32738e-09
         723        1.54        1.54 3.32508e-09
         724        1.54        1.54 3.32278e-09
         725        1.54        1.54 3.32049e-09
         726        1.54        1.54  3.3182e-09
         727        1.54        1.54 3.40678e-09
         728        1.54        1.54 3.40444e-09
         729        1.54        1.54 3.40211e-09
         730        1.54        1.54 3.39978e-09
         731        1.54        1.54 3.39745e-09
         732        1.54        1.54 3.39513e-09
         733        1.54        1.54 3.39281e-09
         734        1.54        1.54 3.56448e-09
         735        1.54        1.54 3.56206e-09
         736        1.54        1.54 3.55964e-09
         737        1.54        1.54 3.55722e-09
         738        1.54        1.54 3.46914e-09
         739        1.54        1.54 3.46679e-09
         740        1.54        1.54 3.46445e-09
         741        1.54        1.54 3.46211e-09
         742        1.54        1.54 3.54522e-09
         743        1.54        1.54 3.54283e-09
         744        1.54        1.54 3.54045e-09
         745        1.54        1.54 3.53807e-09
         746        1.54        1.54  3.5357e-09
         747        1.54        1.54 3.53333e-09
         748        1.54        1.54 3.53097e-09
         749        1.54        1.54 3.52861e-09
         750        1.54        1.54 3.69036e-09
         751        1.54        1.54  3.6879e-09
         752        1.54        1.54 3.68545e-09
         753        1.54        1.54   3.683e-09
         754        1.54        1.54 3.68056e-09
         755        1.54        1.54 3.67812e-09
         756        1.54        1.54 3.67568e-09
         757        1.54        1.54 3.67326e-09
         758        1.54        1.54 3.59014e-09
         759        1.54        1.54 3.74731e-09
         760        1.54        1.54 3.74485e-09
         761        1.54        1.54 3.74238e-09
         762        1.54        1.54 3.73993e-09
         763        1.54        1.54 3.73748e-09
         764        1.54        1.54 3.73503e-09
         765        1.54        1.54 3.73259e-09
         766        1.54        1.54 3.73015e-09
         767        1.54        1.54 3.80459e-09
         768        1.54        1.54 3.80211e-09
         769        1.54        1.54 3.79964e-09
         770        1.54        1.54 3.79717e-09
         771        1.54        1.54  3.7947e-09
         772        1.54        1.54 3.79225e-09
         773        1.54        1.54 3.78979e-09
         774        1.54        1.54 3.78734e-09
         775        1.54        1.54  3.7849e-09
         776        1.54        1.54 3.93085e-09
         777        1.54        1.54 3.92832e-09
         778        1.54        1.54 3.92579e-09
         779        1.54        1.54 3.84993e-09
         780        1.54        1.54 3.84746e-09
         781        1.54        1.54   3.845e-09
         782        1.54        1.54 3.84254e-09
         783        1.54        1.54 3.84009e-09
         784        1.54        1.54 3.83764e-09
         785        1.54        1.54 3.90825e-09
         786        1.54        1.54 3.90576e-09
         787        1.54        1.54 3.90328e-09
         788        1.54        1.54  3.9008e-09
         789        1.54        1.54 3.89833e-09
         790        1.54        1.54 3.89586e-09
         791        1.54        1.54  3.8934e-09
         792        1.54        1.54 3.89094e-09
         793        1.54        1.54 3.88848e-09
         794        1.54        1.54 4.02739e-09
         795        1.54        1.54 4.02486e-09
         796        1.54        1.54 4.02233e-09
         797        1.54        1.54  4.0198e-09
         798        1.54        1.54 4.01729e-09
         799        1.54        1.54 4.01477e-09
         800        1.54        1.54 4.01226e-09
         801        1.54        1.54 4.00976e-09
         802        1.54        1.54 3.93756e-09
         803        1.54        1.54 4.00476e-09
         804        1.54        1.54 4.00227e-09
         805        1.54        1.54 3.99978e-09
         806        1.54        1.54  3.9973e-09
         807        1.54        1.54 3.99482e-09
         808        1.54        1.54 3.99235e-09
         809        1.54        1.54 3.98988e-09
         810        1.54        1.54 3.98742e-09
         811        1.54        1.54 3.98496e-09
         812        1.54        1.54 4.11754e-09
         813        1.54        1.54 4.11501e-09
         814        1.54        1.54 4.11248e-09
         815        1.54        1.54 4.10996e-09
         816        1.54        1.54 4.10744e-09
         817        1.54        1.54 4.10492e-09
         818        1.54        1.54 4.10241e-09
         819        1.54        1.54 4.09991e-09
         820        1.54        1.54 4.09741e-09
         821        1.54        1.54 4.09491e-09
         822        1.54        1.54  4.1579e-09
         823        1.54        1.54 4.15537e-09
         824        1.54        1.54 4.15285e-09
         825        1.54        1.54 4.15033e-09
         826        1.54        1.54  4.0825e-09
         827        1.54        1.54 4.08003e-09
         828        1.54        1.54 4.07756e-09
         829        1.54        1.54  4.0751e-09
         830        1.54        1.54 4.07265e-09
         831        1.54        1.54  4.0702e-09
         832        1.54        1.54 4.19692e-09
         833        1.54        1.54  4.1944e-09
         834        1.54        1.54 4.19188e-09
         835        1.54        1.54 4.18937e-09
         836        1.54        1.54 4.18686e-09
         837        1.54        1.54 4.18436e-09
         838        1.54        1.54 4.18187e-09
         839        1.54        1.54 4.17937e-09
         840        1.54        1.54 4.17688e-09
         841        1.54        1.54  4.1744e-09
         842        1.54        1.54 4.23466e-09
         843        1.54        1.54 4.23215e-09
         844        1.54        1.54 4.22964e-09
         845        1.54        1.54 4.22714e-09
         846        1.54        1.54 4.22464e-09
         847        1.54        1.54 4.22214e-09
         848        1.54        1.54 4.21965e-09
         849        1.54        1.54 4.21717e-09
         850        1.54        1.54 4.21468e-09
         851        1.54        1.54  4.1498e-09
         852        1.54        1.54 4.14737e-09
         853        1.54        1.54 4.26869e-09
         854        1.54        1.54 4.26619e-09
         855        1.54        1.54 4.26369e-09
         856        1.54        1.54  4.2612e-09
         857        1.54        1.54 4.25872e-09
         858        1.54        1.54 4.25623e-09
         859        1.54        1.54 4.25376e-09
         860        1.54        1.54 4.25128e-09
         861        1.54        1.54 4.24881e-09
         862        1.54        1.54 4.24635e-09
         863        1.54        1.54 4.30409e-09
         864        1.54        1.54 4.30159e-09
         865        1.54        1.54 4.29911e-09
         866        1.54        1.54 4.29662e-09
         867        1.54        1.54 4.29415e-09
         868        1.54        1.54 4.29167e-09
         869        1.54        1.54  4.2892e-09
         870        1.54        1.54 4.28674e-09
         871        1.54        1.54 4.28427e-09
         872        1.54        1.54 4.28182e-09
         873        1.54        1.54 4.27936e-09
         874        1.54        1.54 4.39411e-09
         875        1.54        1.54  4.3916e-09
         876        1.54        1.54 4.38909e-09
         877        1.54        1.54 4.38659e-09
         878        1.54        1.54 4.32602e-09
         879        1.54        1.54 4.32356e-09
         880        1.54        1.54  4.3211e-09
         881        1.54        1.54 4.31865e-09
         882        1.54        1.54  4.3162e-09
         883        1.54        1.54 4.31376e-09
         884        1.54        1.54 4.31132e-09
         885        1.54        1.54 4.30888e-09
         886        1.54        1.54 4.42131e-09
         887        1.54        1.54 4.41881e-09
         888        1.54        1.54 4.41632e-09
         889        1.54        1.54 4.41384e-09
         890        1.54        1.54 4.41136e-09
         891        1.54        1.54 4.40888e-09
         892        1.54        1.54 4.40641e-09
         893        1.54        1.54 4.40394e-09
         894        1.54        1.54 4.40148e-09
         895        1.54        1.54 4.39902e-09
         896        1.54        1.54 4.39656e-09
         897        1.54        1.54 4.45009e-09
         898        1.54        1.54 4.44761e-09
         899        1.54        1.54 4.44514e-09
         900        1.54        1.54 4.44267e-09
         901        1.54        1.54  4.4402e-09
         902        1.54        1.54 4.43774e-09
         903        1.54        1.54 4.43528e-09
         904        1.54        1.54 4.43283e-09
         905        1.54        1.54 4.43038e-09
         906        1.54        1.54 4.42793e-09
         907        1.54        1.54 4.36982e-09
         908        1.54        1.54 4.36742e-09
         909        1.54        1.54 4.47554e-09
         910        1.54        1.54 4.47308e-09
         911        1.54        1.54 4.47062e-09
         912        1.54        1.54 4.46817e-09
         913        1.54        1.54 4.46572e-09
         914        1.54        1.54 4.46328e-09
         915        1.54        1.54 4.46084e-09
         916        1.54        1.54  4.4584e-09
         917        1.54        1.54 4.45597e-09
         918        1.54        1.54 4.45354e-09
         919        1.54        1.54 4.45112e-09
         920        1.54        1.54  4.4487e-09
         921        1.54        1.54 4.50018e-09
         922        1.54        1.54 4.49774e-09
         923        1.54        1.54  4.4953e-09
         924        1.54        1.54 4.49287e-09
         925        1.54        1.54 4.49044e-09
         926        1.54        1.54 4.48801e-09
         927        1.54        1.54 4.48559e-09
         928        1.54        1.54 4.48318e-09
         929        1.54        1.54 4.48076e-09
         930        1.54        1.54 4.47835e-09
         931        1.54        1.54 4.47595e-09
         932        1.54        1.54 4.47354e-09
         933        1.54        1.54 4.47115e-09
         934        1.54        1.54 4.57391e-09
         935        1.54        1.54 4.57147e-09
         936        1.54        1.54 4.56902e-09
         937        1.54        1.54 4.56659e-09
         938        1.54        1.54 4.51199e-09
         939        1.54        1.54 4.50958e-09
         940        1.54        1.54 4.50719e-09
         941        1.54        1.54 4.50479e-09
         942        1.54        1.54  4.5024e-09
         943        1.54        1.54 4.50001e-09
         944        1.54        1.54 4.49763e-09
         945        1.54        1.54 4.49525e-09
         946        1.54        1.54 4.49287e-09
         947        1.54        1.54 4.54241e-09
         948        1.54        1.54 4.54001e-09
         949        1.54        1.54 4.53762e-09
         950        1.54        1.54 4.53523e-09
         951        1.54        1.54 4.53285e-09
         952        1.54        1.54 4.53047e-09
         953        1.54        1.54 4.52809e-09
         954        1.54        1.54 4.52572e-09
         955        1.54        1.54 4.52335e-09
         956        1.54        1.54 4.52098e-09
         957        1.54        1.54 4.51862e-09
         958        1.54        1.54 4.51626e-09
         959        1.54        1.54  4.5139e-09
         960        1.54        1.54 4.61295e-09
         961        1.54        1.54 4.61055e-09
         962        1.54        1.54 4.60815e-09
         963        1.54        1.54 4.60576e-09
         964        1.54        1.54 4.60337e-09
         965        1.54        1.54 4.60098e-09
         966        1.54        1.54  4.5986e-09
         967        1.54        1.54 4.59622e-09
         968        1.54        1.54 4.59385e-09
         969        1.54        1.54 4.59147e-09
         970        1.54        1.54 4.58911e-09
         971        1.54        1.54 4.53661e-09
         972        1.54        1.54 4.53428e-09
         973        1.54        1.54 4.53195e-09
         974        1.54        1.54 4.57967e-09
         975        1.54        1.54 4.57732e-09
         976        1.54        1.54 4.57498e-09
         977        1.54        1.54 4.57264e-09
         978        1.54        1.54  4.5703e-09
         979        1.54        1.54 4.56796e-09
         980        1.54        1.54 4.56563e-09
         981        1.54        1.54 4.56331e-09
         982        1.54        1.54 4.56098e-09
         983        1.54        1.54 4.55866e-09
         984        1.54        1.54 4.55634e-09
         985        1.54        1.54 4.55403e-09
         986        1.54        1.54 4.55172e-09
         987        1.54        1.54 4.54941e-09
         988        1.54        1.54 4.64491e-09
         989        1.54        1.54 4.64256e-09
         990        1.54        1.54 4.64022e-09
         991        1.54        1.54 4.63787e-09
         992        1.54        1.54 4.63554e-09
         993        1.54        1.54  4.6332e-09
         994        1.54        1.54 4.63087e-09
         995        1.54        1.54 4.62854e-09
         996        1.54        1.54 4.62622e-09
         997        1.54        1.54  4.6239e-09
         998        1.54        1.54 4.62158e-09
         999        1.54        1.54 4.61927e-09
        1000        1.54        1.54 4.61696e-09
